519
521
539
573
577
582
595
600
603
605
608
620
638
640
650
651
663
664
669
673
677
679
682
685
689
690
700
704
712
715
719
725
726
727
732
733
748
756
760
761
768
778
779
787
803
807
810
811
823
834
836
848
852
860
865
870
873
880
881
887
897
901
903
904
913
915
917
919
923
936
942
943
945
950
952
954
958
967
975
976
983
989
990
993
998
1001
1004
1009
1025
1029
1032
1039
1040
1042
1044
1045
1052
1053
1064
1075
1077
1086
1087
1104
1107
1113
1114
1126
1129
1143
1148
1158
1159
1163
1166
1168
1169
1178
1180
1181
1187
1188
1189
1190
1191
1193
1196
1210
1214
1222
1227
1232
1234
1271
1278
1279
1289
1290
1308
1317
1318
1322
1332
1336
1337
1341
1349
1351
1356
1361
1366
1373
1379
1384
1385
1386
1387
1388
1389
1394
1395
1398
1400
1410
1412
1413
1417
1424
1425
1427
1428
1430
1432
1442
1447
1452
1464
1466
1476
1478
1480
1481
1483
1489
1491
1493
1494
1496
1501
1505
1506
1513
1515
1521
1526
1536
1539
1540
1542
1544
1548
1553
1559
1560
1562
1564
1571
1573
1580
1592
1595
1602
1603
1607
1613
1615
1616
1618
1623
1625
1632
1633
1634
1635
1638
1639
1643
1658
1664
1667
1672
1674
1675
1678
1681
1682
1706
1709
1710
1712
1713
1715
1726
1729
1731
1738
1743
1745
1749
1753
1763
1768
1769
1772
1784
1795
1796
1797
1800
1803
1805
1806
1807
1822
1824
1829
1831
1832
1833
1834
1837
1840
1843
1845
1848
1857
1858
1860
1879
1882
1885
1887
1892
1903
1904
1906
1912
1913
1918
1920
1929
1934
1937
1941
1942
1945
1946
1948
1958
1960
1961
1983
1996
1999
2002
2006
2010
2011
2014
2016
2017
2023
2026
2027
2030
2044
2047
2048
2062
2065
2068
2081
2091
2096
2101
2102
2105
2112
2119
2125
2135
2143
2145
2146
2147
2148
2149
2156
2168
2171
2174
2197
2199
2200
2201
2203
2204
2211
2215
2221
2230
2232
2235
2240
2256
2263
2275
2278
2282
2289
2302
2311
2317
2336
2337
2340
2349
2354
2366
2367
2369
2376
2379
2384
2387
2388
2397
2400
2402
2410
2415
2418
2424
2430
2434
2438
2440
2448
2450
2457
2461
2471
2477
2486
2495
2499
2500
2502
2503
2507
2513
2517
2522
2523
2526
2533
2541
2544
2546
2555
2556
2558
2561
2570
2573
2577
2580
2583
2587
2590
2592
2595
2600
2601
2604
2614
2616
2622
2627
2632
2640
2641
2642
2647
2648
2650
2652
2653
2657
2666
2669
2671
2672
2674
2690
2691
2693
2694
2696
2699
2700
2701
2703
2704
2722
2726
2729
2736
2739
2745
2747
2757
2760
2762
2766
2771
2775
2776
2777
2788
2791
2794
2797
2803
2804
2806
2816
2819
2821
2822
2823
2836
2839
2842
2848
2850
2853
2854
2858
2860
2861
2862
2869
2870
2874
2875
2882
2896
2897
2903
2906
2910
2911
2912
2915
2916
2931
2936
2939
2954
2958
2964
2969
2970
2972
2976
2981
2983
2986
2989
2996
3005
3016
3018
3020
3023
3026
3027
3031
3034
3041
3050
3052
3058
3064
3069
3070
3071
3073
3077
3086
3095
3101
3102
3104
3105
3107
3108
3112
3125
3128
3134
3139
3140
3146
3150
3157
3158
3163
3167
3171
3177
3182
3184
3187
3200
3206
3210
3216
3221
3236
3241
3242
3244
3250
3257
3268
3269
3272
3274
3277
3280
3281
3287
3289
3290
3293
3295
3301
3306
3310
3315
3319
3320
3321
3331
3333
3336
3350
3353
3359
3362
3368
3369
3376
3383
3384
3386
3390
3396
3402
3405
3407
3410
3413
3421
3424
3432
3444
3449
3453
3455
3466
3470
3472
3473
3474
3493
3494
3495
3497
3499
3500
3501
3502
3504
3505
3507
3510
3514
3516
3520
3522
3527
3530
3535
3540
3542
3545
3556
3557
3564
3567
3581
3584
3588
3589
3590
3594
3600
3602
3603
3605
3608
3610
3611
3613
3617
3633
3634
3641
3645
3648
3651
3652
3656
3661
3665
3666
3668
3671
3681
3685
3686
3689
3692
3697
3706
3708
3709
3713
3718
3719
3721
3727
3731
3737
3738
3749
3753
3756
3758
3762
3780
3792
3796
3798
3804
3806
3812
3822
3825
3828
3829
3832
3839
3840
3842
3847
3851
3859
3861
3863
3865
3872
3874
3877
3881
3887
3893
3896
3905
3915
3916
3919
3922
3929
3931
3932
3933
3935
3952
3956
3959
3960
3974
3978
3987
3988
3991
3993
3997
4005
4009
4012
4014
4019
4023
4024
4031
4032
4034
4038
4039
4040
4042
4043
4049
4051
4054
4055
4056
4058
4063
4069
4070
4072
4075
4076
4084
4085
4091
4092
4094
4097
4102
4113
4118
4125
4128
4134
4139
4143
4145
4148
4149
4157
4160
4166
4168
4173
4177
4182
4188
4190
4198
4199
4205
4206
4207
4209
4212
4217
4220
4222
4223
4224
4230
4231
4232
4233
4242
4244
4253
4256
4259
4260
4264
4265
4276
4280
4287
4289
4291
4293
4296
4302
4310
4315
4316
4321
4324
4325
4339
4343
4358
4364
4366
4374
4375
4377
4383
4395
4397
4399
4401
4402
4406
4407
4408
4412
4413
4419
4421
4422
4432
4451
4453
4454
4460
4463
4464
4471
4477
4478
4479
4487
4488
4491
4508
4509
4511
4518
4519
4524
4525
4530
4532
4533
4535
4536
4537
4538
4544
4547
4550
4555
4556
4561
4563
4564
4565
4566
4567
4572
4577
4580
4582
4591
4598
4599
4601
4602
4610
4619
4621
4622
4635
4643
4646
4652
4656
4657
4662
4675
4680
4681
4683
4693
4694
4695
4703
4705
4707
4708
4713
4719
4726
4736
4738
4741
4744
4747
4761
4762
4766
4772
4776
4780
4781
4783
4790
4792
4796
4801
4802
4803
4804
4808
4821
4829
4830
4831
4832
4834
4836
4840
4850
4857
4859
4860
4861
4874
4883
4893
4895
4897
4898
4909
4913
4917
4922
4923
4924
4929
4939
4942
4946
4948
4952
4956
4958
4960
4970
4981
4985
4995
4996
4998
4999
5001
5007
5013
5016
5017
5020
5021
5025
5026
5027
5037
5040
5043
5052
5053
5063
5067
5072
5085
5088
5092
5096
5097
5098
5101
5104
5111
5123
5125
5126
5128
5130
5131
5134
5136
5138
5146
5147
5148
5151
5156
5162
5165
5167
5170
5171
5173
5180
5182
5187
5190
5191
5192
5204
5210
5216
5219
5221
5226
5231
5234
5236
5239
5240
5245
5247
5248
5255
5256
5258
5264
5267
5268
5273
5277
5283
5289
5291
5296
5297
5303
5305
5317
5320
5323
5326
5327
5329
5333
5336
5337
5338
5339
5343
5357
5359
5362
5363
5364
5367
5368
5387
5388
5391
5400
5401
5402
5409
5414
5421
5430
5434
5436
5439
5450
5452
5461
5463
5465
5469
5473
5474
5475
5484
5485
5499
5505
5514
5515
5518
5521
5522
5523
5528
5531
5536
5543
5546
5551
5555
5556
5561
5565
5572
5576
5579
5582
5591
5594
5595
5597
5601
5602
5604
5609
5610
5612
5613
5615
5618
5624
5631
5639
5641
5642
5644
5645
5647
5651
5653
5654
5657
5658
5666
5669
5679
5685
5691
5692
5696
5697
5698
5699
5702
5704
5708
5711
5717
5727
5730
5731
5740
5744
5745
5746
5747
5748
5750
5754
5756
5762
5777
5779
5780
5782
5783
5787
5790
5800
5805
5807
5811
5815
5820
5821
5825
5827
5840
5847
5852
5855
5865
5868
5870
5871
5874
5880
5889
5892
5896
5906
5915
5920
5922
5923
5924
5925
5934
5935
5940
5941
5942
5945
5953
5955
5958
5961
5963
5973
5974
5980
5987
5991
5996
6004
6005
6007
6009
6010
6015
6016
6022
6029
6030
6034
6036
6038
6039
6041
6044
6048
6050
6051
6054
6055
6058
6059
6061
6064
6068
6070
6072
6073
6081
6088
6089
6090
6093
6094
6095
6098
6101
6102
6104
6107
6109
6117
6119
6126
6129
6140
6141
6143
6148
6149
6154
6156
6158
6159
6169
6170
6174
6175
6180
6184
6186
6191
6193
6194
6195
6196
6200
6203
6206
6221
6224
6230
6251
6255
6262
6263
6270
6277
6278
6280
6282
6285
6287
6296
6298
6301
6305
6311
6315
6321
6325
6327
6328
6330
6334
6338
6343
6350
6355
6357
6364
6366
6367
6374
6383
6385
6388
6389
6393
6396
6397
6401
6408
6409
6412
6415
6416
6418
6420
6424
6425
6430
6435
6436
6442
6447
6457
6459
6460
6462
6465
6470
6472
6476
6480
6482
6483
6487
6491
6493
6494
6496
6499
6500
6506
6511
6513
6517
6519
6521
6524
6526
6531
6535
6548
6557
6568
6573
6575
6579
6602
6604
6613
6616
6618
6624
6627
6628
6629
6631
6635
6640
6641
6643
6651
6655
6661
6662
6670
6671
6672
6675
6684
6688
6692
6694
6697
6698
6701
6702
6703
6716
6717
6725
6729
6733
6734
6737
6739
6743
6766
6768
6770
6772
6781
6789
6797
6801
6804
6808
6810
6817
6831
6832
6836
6840
6858
6860
6861
6874
6878
6879
6880
6887
6892
6893
6898
6899
6902
6906
6907
6912
6913
6914
6921
6922
6923
6924
6926
6932
6933
6934
6937
6938
6943
6944
6956
6958
6961
6965
6971
6977
6986
6987
6989
6991
6993
7004
7005
7008
7012
7020
7025
7028
7032
7036
7038
7040
7042
7047
7050
7054
7056
7061
7066
7068
7071
7076
7078
7084
7089
7090
7092
7095
7096
7109
7115
7116
7117
7121
7122
7125
7133
7136
7142
7144
7149
7155
7157
7159
7162
7164
7173
7174
7179
7188
7194
7195
7197
7218
7222
7223
7226
7240
7244
7246
7247
7253
7255
7261
7265
7268
7278
7279
7280
7283
7284
7289
7291
7292
7296
7314
7316
7319
7321
7322
7326
7329
7336
7343
7347
7352
7353
7357
7368
7373
7376
7377
7379
7383
7386
7392
7394
7401
7404
7412
7414
7416
7422
7425
7431
7441
7453
7456
7458
7463
7466
7469
7470
7471
7472
7474
7487
7495
7500
7504
7507
7508
7515
7517
7523
7527
7529
7530
7544
7545
7546
7548
7551
7552
7553
7563
7564
7571
7572
7576
7581
7582
7587
7597
7601
7613
7618
7619
7620
7625
7629
7632
7641
7642
7643
7655
7657
7659
7662
7663
7673
7675
7679
7681
7685
7686
7687
7692
7701
7702
7710
7717
7720
7723
7724
7732
7737
7738
7740
7742
7748
7751
7755
7763
7770
7772
7774
7776
7777
7778
7781
7783
7797
7798
7800
7808
7811
7815
7822
7823
7824
7825
7826
7828
7833
7834
7836
7840
7847
7849
7850
7856
7859
7865
7870
7875
7897
7899
7904
7906
7912
7916
7917
7921
7922
7925
7932
7933
7942
7943
7947
7955
7957
7959
7966
7972
7973
7975
7978
7979
7984
7986
7989
7990
7999
8002
8003
8007
8010
8011
8016
8018
8030
8034
8035
8036
8037
8039
8044
8046
8049
8056
8065
8066
8068
8072
8074
8076
8078
8090
8095
8105
8107
8122
8135
8137
8138
8141
8147
8158
8162
8164
8171
8173
8178
8182
8183
8186
8190
8192
8197
8203
8218
8220
8221
8244
8263
8272
8276
8278
8286
8292
8295
8296
8297
8301
8310
8311
8317
8318
8319
8322
8323
8329
8334
8335
8341
8344
8345
8347
8355
8358
8359
8361
8363
8365
8370
8379
8385
8390
8395
8400
8402
8403
8404
8405
8413
8415
8416
8419
8424
8426
8427
8429
8431
8437
8438
8439
8440
8444
8446
8450
8459
8465
8468
8470
8472
8483
8484
8485
8486
8487
8500
8513
8516
8518
8522
8523
8524
8526
8528
8532
8539
8540
8543
8553
8560
8565
8578
8584
8588
8595
8596
8602
8606
8614
8615
8618
8621
8624
8625
8629
8630
8636
8640
8651
8656
8661
8664
8665
8669
8670
8672
8677
8686
8691
8696
8699
8703
8706
8707
8709
8710
8715
8717
8723
8724
8729
8731
8733
8735
8740
8741
8750
8753
8754
8759
8761
8764
8766
8767
8781
8789
8791
8796
8798
8801
8805
8814
8822
8825
8834
8838
8839
8840
8846
8852
8864
8891
8893
8902
8915
8925
8926
8935
8940
8944
8947
8951
8956
8958
8959
8960
8964
8965
8968
8973
8974
8980
8981
8985
8990
8992
9000
9002
9005
9011
9015
9016
9017
9024
9029
9032
9040
9043
9052
9060
9063
9066
9067
9074
9083
9098
9101
9105
9108
9111
9115
9116
9121
9126
9129
9139
9142
9146
9149
9156
9159
9174
9180
9183
9186
9191
9194
9196
9198
9205
9207
9218
9230
9232
9233
9245
9248
9261
9263
9266
9272
9273
9275
9283
9287
9290
9294
9296
9299
9307
9310
9317
9325
9329
9330
9331
9332
9335
9337
9339
9341
9343
9348
9350
9354
9355
9356
9368
9369
9373
9378
9379
9382
9384
9386
9392
9396
9401
9405
9406
9409
9411
9412
9414
9427
9436
9437
9442
9446
9447
9449
9450
9453
9455
9459
9460
9464
9472
9480
9497
9512
9514
9516
9517
9519
9520
9528
9530
9533
9543
9544
9546
9547
9553
9554
9561
9564
9565
9569
9570
9580
9587
9589
9590
9591
9592
9605
9611
9612
9616
9617
9618
9627
9629
9636
9637
9643
9657
9659
9661
9666
9667
9669
9671
9677
9680
9681
9683
9684
9689
9690
9692
9696
9698
9701
9707
9708
9711
9714
9717
9719
9721
9724
9726
9728
9729
9732
9735
9736
9741
9747
9749
9752
9754
9755
9756
9761
9763
9765
9772
9774
9780
9782
9783
9784
9789
9797
9804
9806
9808
9819
9826
9828
9830
9835
9843
9845
9847
9848
9849
9850
9854
9859
9868
9870
9875
9881
9885
9893
9895
9905
9906
9910
9923
9924
9934
9944
9955
9959
9961
9964
9966
9975
9976
9979
9987
9989
9993
9999
10000
10004
10013
10014
10015
10016
10018
10022
10024
10030
10033
10038
10043
10045
10050
10056
10060
10064
10065
10066
10069
10070
10073
10074
10075
10082
10085
10091
10092
10094
10097
10103
10107
10113
10122
10125
10126
10129
10135
10136
10137
10139
10144
10147
10160
10166
10170
10172
10178
10186
10187
10198
10203
10208
10212
10227
10232
10233
10234
10241
10248
10249
10250
10252
10255
10257
10258
10266
10269
10270
10279
10282
10284
10296
10298
10300
10306
10315
10316
10317
10319
10320
10329
10336
10342
10344
10345
10348
10359
10360
10362
10374
10378
10388
10390
10397
10407
10411
10416
10417
10420
10423
10425
10427
10431
10432
10440
10441
10443
10446
10447
10448
10449
10452
10465
10467
10468
10469
10474
10477
10487
10496
10501
10502
10505
10513
10518
10527
10529
10534
10537
10549
10553
10558
10559
10562
10566
10572
10574
10578
10579
10580
10583
10587
10597
10599
10600
10605
10611
10615
10620
10621
10623
10626
10627
10634
10636
10639
10645
10649
10652
10653
10655
10656
10662
10663
10671
10674
10679
10682
10683
10685
10700
10701
10705
10707
10709
10716
10722
10723
10725
10726
10730
10737
10738
10745
10746
10747
10752
10759
10760
10763
10767
10775
10786
10788
10796
10800
10803
10810
10814
10815
10816
10818
10823
10825
10828
10829
10836
10841
10843
10844
10855
10876
10891
10896
10901
10903
10910
10915
10921
10922
10925
10928
10929
10935
10937
10938
10939
10941
10948
10949
10953
10955
10960
10971
10974
10975
10978
10979
10991
10998
10999
11001
11012
11023
11025
11026
11037
11038
11039
11043
11044
11045
11053
11054
11058
11067
11070
11071
11078
11081
11083
11086
11090
11094
11096
11100
11112
11113
11127
11144
11145
11150
11161
11176
11182
11200
11203
11207
11209
11212
11216
11223
11229
11233
11234
11238
11241
11244
11252
11254
11255
11256
11260
11261
11265
11272
11273
11276
11282
11283
11286
11290
11297
11299
11307
11309
11314
11315
11317
11319
11323
11326
11327
11329
11338
11339
11340
11351
11354
11355
11357
11362
11367
11371
11373
11385
11387
11393
11396
11406
11407
11412
11425
11427
11432
11433
11434
11439
11440
11442
11444
11445
11453
11454
11464
11466
11467
11468
11484
11493
11501
11504
11516
11523
11542
11546
11549
11550
11552
11553
11554
11563
11564
11565
11569
11572
11577
11579
11581
11585
11594
11596
11599
11600
11604
11610
11612
11617
11618
11620
11625
11636
11638
11640
11647
11648
11656
11657
11661
11663
11664
11665
11667
11671
11673
11677
11682
11685
11687
11692
11693
11694
11696
11697
11698
11706
11707
11710
11711
11716
11718
11719
11720
11723
11726
11728
11730
11735
11736
11737
11740
11749
11751
11759
11762
11764
11765
11776
11779
11784
11791
11795
11796
11799
11805
11808
11809
11810
11812
11813
11816
11824
11827
11829
11834
11838
11841
11842
11843
11845
11847
11850
11852
11853
11855
11856
11857
11858
11859
11863
11868
11870
11879
11883
11887
11897
11902
11907
11914
11916
11920
11928
11930
11935
11937
11938
11947
11948
11950
11958
11959
11973
11987
11988
11989
11991
11993
11995
11996
11999
12004
12010
12013
12023
12030
12031
12034
12044
12046
12048
12051
12052
12055
12058
12061
12070
12071
12078
12081
12082
12083
12084
12092
12108
12120
12127
12135
12136
12139
12140
12145
12149
12154
12155
12159
12161
12163
12167
12184
12185
12186
12197
12199
12201
12205
12207
12214
12215
12220
12234
12236
12242
12243
12254
12257
12262
12264
12265
12268
12272
12275
12279
12282
12287
12296
12302
12312
12320
12322
12325
12330
12334
12338
12343
12345
12352
12359
12360
12370
12374
12380
12384
12392
12393
12397
12407
12414
12453
12464
12466
12472
12475
12478
12479
12489
12492
12494
12496
12504
12508
12517
12533
12534
12541
12549
12556
12558
12563
12565
12569
12584
12587
12588
12590
12591
12592
12600
12601
12610
12613
12621
12623
12625
12633
12636
12637
12641
12642
12645
12647
12648
12651
12653
12658
12666
12668
12670
12671
12674
12675
12677
12682
12689
12700
12702
12706
12725
12726
12727
12728
12731
12735
12741
12749
12754
12757
12758
12761
12765
12766
12767
12771
12780
12781
12784
12787
12788
12798
12799
12800
12803
12805
12807
12825
12838
12845
12847
12848
12854
12863
12864
12867
12868
12873
12874
12875
12881
12885
12889
12894
12896
12901
12910
12919
12925
12928
12936
12938
12942
12946
12947
12948
12961
12975
12980
12994
13005
13006
13010
13019
13023
13028
13035
13036
13041
13047
13055
13061
13070
13072
13078
13080
13083
13089
13094
13100
13103
13107
13110
13119
13120
13123
13125
13132
13153
13157
13161
13164
13168
13175
13187
13195
13199
13203
13208
13212
13219
13221
13226
13239
13246
13251
13257
13258
13259
13262
13263
13264
13266
13276
13283
13288
13289
13291
13295
13308
13323
13326
13328
13329
13330
13331
13335
13348
13351
13352
13369
13371
13378
13380
13387
13389
13391
13394
13400
13404
13417
13421
13422
13427
13431
13432
13433
13435
13437
13438
13440
13441
13443
13446
13448
13449
13450
13452
13454
13464
13465
13475
13476
13477
13486
13493
13498
13499
13501
13505
13506
13508
13522
13524
13525
13526
13527
13534
13542
13558
13559
13560
13566
13567
13570
13571
13580
13583
13585
13589
13590
13593
13594
13597
13599
13606
13617
13621
13625
13626
13632
13637
13640
13646
13650
13651
13663
13665
13666
13678
13679
13682
13685
13694
13696
13701
13704
13720
13727
13733
13737
13739
13744
13747
13748
13769
13771
13772
13775
13777
13778
13780
13781
13786
13787
13789
13791
13792
13799
13802
13804
13805
13808
13811
13813
13821
13824
13829
13836
13839
13847
13851
13854
13855
13866
13869
13870
13873
13874
13875
13876
13880
13881
13885
13890
13903
13904
13910
13912
13915
13918
13924
13926
13928
13929
13933
13936
13938
13940
13946
13955
13961
13967
13969
13976
13977
13978
13981
13994
14013
14019
14020
14023
14031
14043
14044
14045
14049
14050
14060
14063
14064
14068
14069
14070
14074
14079
14082
14083
14084
14088
14092
14094
14095
14098
14101
14104
14106
14115
14128
14133
14141
14147
14148
14149
14152
14175
14178
14179
14180
14181
14182
14184
14186
14197
14198
14202
14207
14208
14209
14216
14217
14219
14220
14225
14226
14228
14230
14234
14237
14238
14243
14249
14250
14254
14260
14261
14263
14264
14267
14269
14276
14277
14287
14288
14289
14290
14295
14297
14300
14303
14304
14305
14306
14309
14312
14317
14319
14329
14330
14331
14335
14342
14343
14347
14351
14354
14366
14368
14371
14372
14376
14377
14382
14388
14389
14396
14398
14399
14402
14404
14406
14416
14424
14427
14433
14437
14438
14440
14442
14445
14447
14449
14451
14452
14453
14466
14471
14476
14480
14485
14489
14491
14492
14494
14495
14498
14500
14505
14506
14508
14513
14516
14519
14521
14522
14525
14528
14529
14533
14537
14547
14554
14556
14557
14565
14573
14578
14586
14592
14603
14606
14612
14631
14633
14634
14638
14643
14647
14655
14656
14666
14671
14673
14684
14689
14693
14696
14703
14707
14710
14711
14715
14716
14729
14732
14733
14740
14748
14749
14774
14775
14776
14777
14778
14781
14783
14784
14787
14797
14799
14800
14809
14814
14815
14819
14823
14825
14827
14829
14838
14845
14847
14848
14856
14864
14865
14877
14883
14884
14886
14887
14895
14902
14911
14914
14916
14918
14921
14922
14924
14934
14935
14936
14940
14952
14960
14963
14968
14981
14993
14995
14998
14999
15004
15006
15009
15012
15019
15020
15023
15026
15027
15030
15031
15033
15035
15036
15037
15038
15045
15046
15053
15058
15064
15067
15068
15074
15088
15090
15095
15097
15098
15099
15103
15104
15114
15117
15127
15131
15132
15148
15152
15153
15157
15160
15163
15169
15172
15175
15182
15188
15197
15199
15203
15205
15208
15213
15215
15223
15225
15230
15233
15240
15243
15247
15248
15249
15250
15255
15257
15262
15263
15264
15265
15269
15273
15277
15281
15288
15300
15302
15312
15315
15324
15332
15333
15336
15337
15341
15343
15345
15349
15354
15356
15358
15359
15366
15369
15372
15376
15379
15381
15388
15389
15391
15393
15399
15403
15408
15415
15416
15417
15421
15424
15426
15431
15432
15433
15437
15440
15454
15460
15464
15473
15476
15489
15500
15506
15507
15508
15512
15515
15516
15517
15518
15521
15533
15535
15538
15539
15554
15559
15561
15567
15574
15578
15581
15583
15586
15587
15598
15599
15600
15605
15607
15609
15610
15619
15620
15624
15628
15631
15639
15649
15651
15655
15657
15658
15664
15668
15669
15673
15674
15675
15677
15679
15687
15689
15698
15707
15710
15718
15722
15724
15725
15727
15732
15737
15742
15743
15749
15751
15754
15759
15763
15765
15772
15773
15776
15780
15784
15787
15789
15792
15799
15800
15802
15805
15810
15811
15814
15817
15820
15821
15822
15828
15830
15834
15835
15837
15841
15842
15845
15847
15848
15857
15859
15866
15867
15870
15874
15883
15885
15891
15896
15906
15911
15917
15919
15920
15923
15924
15926
15927
15929
15935
15939
15942
15943
15944
15947
15949
15968
15979
15980
15981
15992
15996
15997
15999
16004
16005
16007
16012
16013
16019
16021
16027
16028
16030
16032
16034
16035
16036
16040
16052
16056
16061
16063
16066
16068
16070
16071
16073
16089
16097
16102
16105
16107
16108
16112
16115
16118
16127
16133
16135
16138
16142
16143
16150
16152
16156
16161
16168
16173
16187
16189
16197
16207
16213
16216
16217
16223
16225
16239
16240
16246
16247
16250
16252
16255
16256
16263
16269
16278
16279
16283
16285
16286
16288
16291
16305
16308
16314
16317
16323
16324
16326
16329
16342
16347
16356
16361
16364
16372
16390
16391
16396
16403
16410
16413
16417
16421
16424
16429
16433
16440
16443
16451
16456
16457
16463
16468
16473
16474
16475
16476
16477
16492
16493
16495
16496
16497
16501
16502
16505
16508
16509
16511
16512
16516
16520
16531
16532
16541
16545
16546
16549
16552
16554
16558
16560
16562
16563
16569
16571
16572
16574
16575
16586
16590
16591
16593
16596
16599
16603
16604
16605
16608
16610
16613
16617
16620
16622
16623
16633
16642
16644
16647
16651
16658
16659
16662
16665
16666
16670
16675
16676
16680
16686
16688
16689
16694
16697
16703
16705
16706
16712
16713
16723
16724
16737
16739
16741
16744
16748
16750
16752
16756
16759
16761
16763
16773
16777
16782
16785
16786
16789
16792
16793
16799
16802
16804
16810
16812
16814
16817
16822
16823
16824
16825
16828
16829
16830
16833
16843
16848
16849
16855
16858
16865
16866
16870
16872
16876
16880
16882
16884
16890
16892
16893
16895
16900
16901
16904
16907
16910
16924
16932
16934
16940
16941
16945
16947
16954
16955
16956
16961
16962
16964
16967
16971
16977
16983
16985
16987
16989
16995
17004
17008
17010
17012
17021
17024
17033
17034
17039
17045
17047
17052
17063
17064
17071
17078
17079
17084
17092
17095
17099
17105
17116
17117
17120
17122
17123
17124
17130
17133
17137
17139
17144
17146
17151
17162
17169
17176
17177
17181
17194
17197
17202
17203
17215
17216
17217
17223
17226
17232
17233
17247
17248
17255
17260
17266
17269
17274
17276
17279
17280
17282
17284
17286
17297
17307
17310
17311
17314
17316
17317
17318
17322
17325
17332
17341
17346
17347
17351
17357
17360
17362
17363
17367
17370
17379
17380
17387
17388
17390
17393
17395
17397
17399
17404
17408
17414
17415
17421
17432
17434
17436
17441
17445
17447
17448
17457
17471
17472
17483
17485
17489
17501
17504
17505
17510
17518
17520
17527
17530
17532
17536
17550
17551
17552
17554
17558
17565
17568
17577
17582
17583
17587
17589
17590
17592
17599
17602
17607
17608
17610
17614
17629
17635
17640
17643
17644
17652
17655
17662
17667
17670
17671
17675
17678
17686
17687
17690
17711
17713
17718
17731
17737
17738
17741
17744
17750
17754
17760
17766
17771
17776
17778
17780
17781
17786
17788
17794
17795
17798
17803
17804
17805
17806
17807
17812
17818
17825
17826
17831
17832
17833
17834
17841
17844
17845
17847
17848
17849
17855
17856
17857
17864
17869
17871
17874
17880
17881
17886
17894
17897
17899
17900
17906
17912
17913
17914
17916
17924
17926
17928
17938
17945
17956
17960
17961
17962
17967
17969
17973
17977
17979
17984
17989
17990
17994
18005
18015
18018
18020
18021
18025
18038
18043
18048
18056
18057
18060
18062
18065
18071
18072
18077
18084
18087
18094
18095
18100
18102
18108
18111
18118
18119
18123
18127
18129
18133
18137
18138
18140
18142
18143
18145
18147
18156
18159
18164
18166
18177
18179
18180
18183
18186
18188
18189
18191
18199
18203
18208
18214
18216
18218
18223
18226
18231
18233
18236
18237
18238
18243
18250
18257
18260
18262
18269
18276
18281
18283
18284
18288
18299
18304
18309
18310
18321
18323
18328
18334
18344
18347
18376
18380
18387
18388
18390
18391
18397
18398
18400
18404
18405
18408
18409
18416
18420
18431
18433
18435
18438
18441
18461
18465
18467
18469
18470
18472
18478
18481
18483
18488
18489
18490
18491
18492
18503
18505
18506
18507
18509
18522
18523
18524
18534
18535
18538
18539
18546
18551
18561
18562
18565
18575
18576
18578
18583
18586
18587
18589
18591
18595
18602
18604
18605
18607
18625
18629
18634
18644
18645
18646
18654
18655
18660
18669
18672
18673
18674
18680
18682
18687
18689
18692
18699
18702
18703
18705
18708
18710
18711
18714
18719
18720
18729
18730
18737
18744
18747
18753
18757
18760
18763
18768
18770
18781
18788
18790
18794
18810
18812
18813
18816
18819
18822
18823
18830
18834
18835
18836
18842
18845
18846
18847
18851
18860
18863
18866
18873
18879
18894
18896
18898
18900
18904
18907
18911
18913
18919
18924
18928
18929
18941
18943
18945
18946
18951
18952
18953
18962
18963
18973
18974
18975
18977
18980
18986
18992
18993
18995
19000
19005
19010
19017
19019
19025
19033
19040
19044
19048
19049
19053
19059
19064
19065
19070
19075
19077
19078
19083
19085
19087
19088
19090
19091
19096
19097
19107
19108
19110
19116
19119
19120
19121
19124
19127
19132
19134
19135
19141
19144
19145
19146
19158
19159
19160
19173
19183
19185
19189
19193
19203
19213
19220
19224
19229
19230
19232
19235
19247
19253
19254
19257
19260
19266
19269
19273
19275
19276
19278
19280
19283
19292
19294
19304
19308
19309
19311
19318
19319
19321
19324
19326
19328
19330
19331
19332
19334
19339
19340
19341
19345
19350
19351
19363
19364
19367
19370
19377
19393
19398
19404
19410
19411
19414
19417
19424
19425
19440
19442
19445
19446
19456
19464
19470
19471
19472
19473
19479
19482
19484
19486
19494
19505
19507
19508
19509
19511
19513
19516
19517
19520
19524
19527
19530
19536
19542
19543
19545
19551
19554
19556
19557
19562
19567
19571
19587
19595
19602
19608
19610
19611
19615
19619
19623
19630
19631
19632
19641
19643
19648
19653
19661
19663
19665
19670
19671
19676
19681
19683
19685
19687
19688
19689
19691
19695
19697
19698
19705
19706
19708
19709
19716
19718
19724
19725
19731
19733
19734
19735
19742
19743
19744
19746
19747
19750
19755
19756
19768
19769
19776
19779
19787
19788
19793
19794
19795
19796
19798
19799
19803
19806
19813
19814
19822
19828
19832
19835
19837
19839
19842
19844
19848
19850
19853
19855
19864
19867
19871
19874
19876
19881
19890
19891
19897
19898
19899
19902
19905
19908
19910
19914
19916
19923
19926
19927
19928
19931
19932
19940
19942
19964
19970
19974
19978
19984
19986
19987
19989
19990
19992
19995
19997
20007
20008
20011
20013
20028
20030
20034
20035
20036
20037
20038
20039
20043
20059
20066
20067
20069
20070
20073
20079
20080
20082
20084
20088
20092
20095
20097
20101
20103
20104
20106
20107
20111
20113
20115
20123
20124
20125
20127
20131
20133
20140
20143
20145
20151
20156
20158
20168
20176
20177
20179
20186
20190
20191
20192
20194
20207
20209
20210
20211
20216
20222
20223
20224
20225
20230
20236
20239
20247
20259
20260
20267
20268
20269
20270
20273
20274
20283
20295
20299
20300
20309
20319
20321
20324
20328
20329
20337
20352
20368
20369
20370
20374
20376
20377
20378
20379
20380
20384
20401
20403
20406
20409
20411
20413
20418
20422
20425
20427
20432
20439
20441
20443
20449
20455
20459
20462
20464
20466
20467
20478
20484
20487
20488
20493
20494
20499
20507
20515
20518
20519
20533
20537
20543
20546
20553
20559
20565
20566
20574
20585
20590
20591
20592
20596
20597
20598
20610
20612
20613
20622
20624
20626
20628
20631
20635
20636
20637
20640
20643
20648
20649
20651
20654
20659
20671
20675
20676
20677
20678
20685
20692
20702
20706
20707
20710
20720
20721
20729
20737
20738
20740
20743
20744
20753
20760
20764
20766
20767
20778
20785
20786
20791
20793
20796
20797
20798
20802
20808
20809
20813
20814
20821
20833
20836
20841
20844
20845
20847
20848
20849
20854
20855
20858
20868
20871
20878
20881
20882
20889
20892
20901
20904
20910
20911
20912
20913
20918
20920
20922
20927
20928
20932
20935
20937
20938
20941
20943
20948
20949
20959
20964
20975
20979
20982
20993
20994
20997
21001
21004
21005
21006
21007
21009
21014
21016
21017
21029
21030
21035
21036
21038
21043
21044
21046
21047
21048
21051
21064
21065
21067
21068
21069
21070
21076
21079
21081
21082
21086
21092
21097
21098
21099
21105
21107
21113
21117
21122
21125
21128
21137
21138
21152
21155
21161
21165
21172
21173
21174
21181
21184
21189
21190
21194
21195
21199
21202
21205
21211
21214
21222
21223
21224
21233
21234
21236
21237
21238
21239
21240
21241
21247
21258
21269
21270
21273
21275
21276
21277
21278
21291
21310
21311
21315
21319
21325
21326
21328
21331
21337
21343
21346
21349
21354
21361
21370
21371
21372
21374
21382
21391
21394
21399
21404
21413
21424
21427
21431
21432
21434
21436
21441
21453
21455
21461
21471
21475
21480
21481
21486
21493
21496
21500
21504
21505
21511
21515
21517
21519
21523
21524
21525
21527
21535
21536
21537
21544
21546
21548
21552
21553
21557
21558
21564
21569
21573
21576
21577
21578
21580
21581
21583
21588
21592
21593
21597
21598
21599
21604
21611
21612
21613
21614
21617
21620
21622
21623
21624
21627
21628
21630
21637
21644
21647
21650
21658
21659
21666
21668
21671
21675
21678
21679
21694
21701
21704
21707
21708
21717
21719
21722
21723
21731
21734
21739
21740
21756
21758
21759
21761
21771
21772
21775
21787
21791
21816
21821
21824
21826
21830
21839
21842
21845
21846
21848
21850
21851
21860
21864
21865
21866
21871
21873
21887
21888
21891
21892
21893
21896
21898
21900
21901
21916
21929
21932
21934
21936
21942
21947
21952
21955
21957
21960
21962
21964
21966
21969
21970
21971
21972
21973
21985
21987
21999
22001
22004
22007
22011
22015
22018
22021
22023
22026
22028
22032
22035
22036
22038
22047
22048
22054
22057
22058
22065
22071
22075
22076
22081
22084
22089
22090
22095
22098
22103
22107
22118
22127
22131
22134
22136
22146
22152
22158
22161
22165
22166
22172
22174
22175
22180
22184
22186
22191
22195
22196
22205
22209
22211
22214
22224
22228
22234
22237
22243
22247
22250
22251
22259
22262
22265
22268
22273
22285
22289
22293
22298
22301
22304
22305
22311
22316
22331
22332
22336
22337
22338
22339
22340
22341
22343
22346
22350
22360
22365
22367
22372
22385
22398
22402
22410
22411
22415
22421
22424
22428
22430
22431
22433
22436
22437
22441
22443
22446
22447
22457
22463
22464
22473
22474
22475
22477
22479
22483
22487
22495
22497
22500
22508
22512
22515
22527
22531
22533
22534
22543
22544
22559
22563
22570
22575
22577
22583
22584
22588
22589
22591
22599
22600
22610
22611
22619
22624
22635
22638
22641
22647
22650
22655
22658
22659
22660
22666
22669
22671
22672
22673
22677
22678
22684
22686
22690
22700
22707
22710
22719
22726
22730
22734
22735
22737
22738
22747
22751
22752
22759
22762
22763
22774
22776
22788
22789
22791
22798
22802
22808
22811
22815
22816
22819
22820
22821
22838
22849
22851
22868
22873
22877
22879
22882
22890
22891
22897
22903
22913
22918
22929
22930
22946
22950
22951
22958
22962
22965
22968
22974
22977
22979
22981
22982
22983
22985
22998
23001
23004
23005
23010
23014
23029
23034
23036
23038
23043
23044
23050
23057
23063
23064
23065
23067
23080
23081
23087
23088
23095
23096
23108
23113
23117
23121
23122
23125
23128
23133
23135
23136
23145
23154
23161
23163
23166
23171
23172
23177
23183
23184
23189
23191
23195
23207
23212
23217
23219
23226
23228
23236
23237
23243
23250
23255
23258
23259
23264
23277
23278
23280
23282
23283
23284
23287
23295
23301
23302
23304
23310
23313
23315
23322
23327
23328
23337
23341
23342
23344
23352
23354
23360
23364
23366
23369
23375
23377
23390
23397
23398
23400
23401
23402
23405
23408
23414
23417
23421
23431
23432
23433
23436
23439
23444
23445
23457
23459
23463
23468
23469
23477
23483
23491
23497
23499
23500
23504
23508
23511
23514
23518
23519
23525
23540
23547
23553
23556
23557
23560
23561
23567
23568
23572
23575
23576
23579
23584
23594
23597
23598
23606
23617
23627
23631
23632
23633
23634
23639
23642
23652
23654
23658
23661
23663
23668
23673
23682
23683
23685
23686
23693
23694
23698
23699
23705
23711
23715
23717
23718
23722
23723
23727
23732
23733
23738
23745
23757
23758
23760
23766
23768
23783
23786
23791
23792
23796
23803
23807
23810
23813
23819
23825
23830
23832
23833
23846
23848
23850
23851
23856
23860
23863
23869
23884
23897
23898
23902
23904
23909
23912
23914
23915
23916
23925
23927
23929
23933
23936
23937
23938
23939
23943
23948
23950
23953
23959
23960
23961
23963
23969
23975
23991
23996
23997
24011
24016
24022
24027
24029
24030
24035
24036
24037
24044
24050
24051
24055
24056
24071
24072
24076
24077
24085
24103
24107
24110
24111
24114
24118
24119
24124
24128
24130
24131
24141
24149
24150
24155
24161
24165
24176
24177
24180
24182
24187
24192
24193
24197
24198
24205
24209
24212
24214
24221
24222
24224
24225
24228
24235
24244
24251
24252
24253
24259
24264
24267
24270
24272
24276
24279
24292
24294
24296
24299
24306
24310
24313
24315
24322
24325
24330
24336
24340
24342
24344
24353
24355
24356
24360
24383
24388
24389
24392
24393
24394
24395
24398
24400
24408
24413
24419
24429
24430
24436
24438
24442
24444
24451
24459
24461
24475
24477
24478
24491
24507
24511
24514
24521
24528
24530
24534
24537
24539
24553
24556
24557
24560
24561
24565
24566
24574
24582
24588
24592
24597
24599
24613
24615
24617
24620
24622
24625
24626
24627
24629
24632
24633
24634
24638
24639
24643
24644
24645
24647
24649
24652
24658
24659
24661
24666
24667
24670
24672
24673
24676
24678
24686
24689
24691
24695
24696
24700
24707
24712
24716
24718
24720
24727
24732
24735
24736
24741
24744
24748
24750
24752
24755
24756
24759
24767
24774
24777
24778
24788
24798
24799
24804
24809
24810
24818
24828
24836
24840
24844
24846
24848
24849
24850
24851
24853
24860
24862
24863
24866
24867
24878
24880
24882
24883
24887
24888
24889
24897
24903
24910
24911
24914
24915
24916
24917
24919
24926
24933
24934
24939
24946
24950
24957
24960
24961
24962
24963
24977
24980
24982
24984
24990
24991
24994
24997
24998
25000
25006
25010
25013
25014
25021
25022
25023
25025
25032
25039
25042
25050
25051
25054
25056
25057
25059
25070
25072
25074
25076
25080
25081
25086
25096
25097
25098
25101
25105
25108
25109
25114
25116
25121
25122
25123
25126
25130
25131
25135
25140
25141
25142
25149
25150
25154
25155
25161
25163
25164
25167
25168
25173
25180
25181
25183
25187
25190
25192
25194
25204
25211
25217
25220
25223
25224
25225
25227
25230
25232
25235
25236
25239
25243
25248
25249
25254
25256
25257
25265
25270
25271
25272
25292
25300
25302
25306
25307
25309
25312
25314
25323
25327
25329
25334
25338
25340
25342
25343
25346
25349
25352
25353
25354
25361
25368
25370
25373
25380
25383
25390
25392
25394
25402
25406
25408
25410
25411
25417
25423
25425
25429
25432
25438
25439
25441
25444
25452
25453
25455
25457
25460
25465
25466
25470
25472
25477
25481
25482
25488
25489
25491
25493
25494
25498
25499
25501
25504
25507
25508
25513
25514
25519
25520
25529
25535
25538
25541
25542
25548
25558
25563
25567
25573
25575
25585
25587
25589
25594
25597
25605
25608
25609
25613
25614
25620
25621
25623
25624
25627
25629
25634
25638
25645
25646
25648
25651
25653
25666
25667
25668
25669
25671
25672
25684
25698
25708
25711
25712
25717
25720
25727
25731
25732
25743
25747
25749
25756
25760
25776
25780
25784
25791
25796
25801
25809
25832
25835
25837
25838
25839
25843
25848
25855
25858
25860
25862
25867
25871
25872
25873
25876
25881
25882
25884
25885
25889
25899
25900
25904
25909
25912
25915
25917
25931
25932
25934
25937
25940
25943
25947
25950
25955
25974
25976
25979
25980
25981
25987
25993
25999
26002
26007
26010
26011
26014
26020
26021
26024
26027
26028
26033
26047
26048
26049
26055
26060
26061
26063
26067
26079
26081
26083
26084
26085
26086
26088
26097
26102
26103
26111
26115
26116
26121
26122
26126
26131
26132
26136
26139
26142
26147
26148
26151
26154
26156
26161
26162
26163
26164
26168
26169
26171
26172
26173
26176
26182
26186
26189
26190
26192
26195
26202
26204
26205
26208
26213
26215
26216
26223
26224
26231
26232
26254
26260
26262
26263
26278
26293
26294
26298
26301
26307
26324
26327
26329
26332
26335
26337
26338
26342
26344
26345
26351
26360
26365
26369
26370
26381
26384
26393
26401
26404
26406
26407
26408
26415
26419
26429
26430
26432
26434
26439
26443
26446
26447
26455
26462
26464
26468
26478
26483
26485
26489
26493
26494
26495
26497
26501
26502
26510
26512
26513
26515
26518
26521
26527
26531
26534
26537
26542
26548
26555
26560
26566
26572
26584
26590
26592
26595
26601
26604
26607
26611
26614
26616
26617
26622
26624
26626
26631
26632
26633
26635
26636
26646
26649
26652
26653
26657
26661
26666
26667
26676
26681
26683
26685
26686
26687
26689
26696
26699
26706
26711
26719
26720
26727
26729
26732
26733
26736
26745
26746
26749
26752
26753
26760
26762
26764
26767
26772
26778
26782
26786
26791
26798
26803
26805
26810
26811
26815
26817
26818
26819
26823
26825
26827
26830
26834
26837
26838
26844
26847
26850
26854
26855
26860
26861
26863
26866
26877
26879
26881
26882
26883
26885
26892
26908
26915
26920
26927
26937
26942
26945
26956
26960
26962
26963
26969
26970
26977
26979
26984
26985
26986
26987
26989
26991
26995
26999
27004
27006
27031
27033
27037
27039
27045
27052
27056
27058
27059
27062
27063
27067
27068
27070
27075
27077
27083
27086
27088
27091
27096
27102
27103
27107
27108
27111
27113
27121
27123
27125
27129
27136
27139
27142
27148
27155
27158
27164
27168
27175
27176
27177
27179
27181
27182
27183
27184
27188
27192
27194
27205
27206
27214
27215
27221
27225
27226
27232
27238
27244
27251
27253
27254
27255
27264
27275
27278
27280
27281
27283
27289
27291
27299
27300
27301
27305
27314
27319
27323
27330
27332
27333
27335
27360
27367
27368
27372
27375
27380
27387
27391
27395
27396
27397
27403
27408
27413
27414
27419
27421
27422
27423
27430
27431
27433
27450
27452
27457
27458
27460
27463
27468
27470
27473
27475
27477
27478
27479
27485
27494
27507
27509
27510
27511
27512
27513
27517
27519
27527
27528
27530
27535
27541
27550
27557
27558
27566
27567
27571
27578
27581
27585
27587
27592
27593
27597
27601
27603
27608
27610
27622
27626
27630
27637
27638
27639
27641
27646
27652
27653
27654
27655
27656
27657
27663
27672
27675
27677
27684
27686
27688
27700
27705
27706
27707
27721
27726
27729
27731
27735
27737
27750
27760
27763
27764
27767
27768
27769
27773
27775
27777
27780
27788
27797
27798
27801
27810
27822
27824
27829
27834
27837
27848
27852
27857
27859
27860
27861
27864
27870
27874
27877
27883
27889
27890
27894
27898
27899
27900
27903
27904
27908
27910
27913
27923
27926
27928
27934
27938
27951
27953
27958
27963
27980
27983
27985
27989
27990
27993
27995
27996
28000
28002
28004
28007
28009
28019
28021
28024
28031
28034
28039
28041
28042
28044
28046
28047
28053
28054
28055
28061
28062
28071
28081
28082
28091
28095
28104
28109
28111
28120
28126
28128
28129
28130
28132
28137
28140
28149
28150
28154
28155
28159
28165
28166
28167
28170
28178
28184
28202
28205
28212
28214
28220
28221
28222
28227
28231
28241
28245
28254
28255
28259
28261
28264
28265
28270
28275
28276
28278
28280
28282
28292
28296
28299
28307
28310
28318
28320
28325
28338
28340
28342
28344
28345
28351
28355
28356
28362
28363
28368
28369
28370
28373
28378
28384
28392
28394
28403
28406
28407
28409
28417
28418
28419
28421
28423
28424
28427
28432
28438
28440
28449
28455
28457
28459
28463
28464
28481
28485
28488
28494
28496
28497
28503
28505
28506
28512
28519
28523
28525
28526
28541
28552
28556
28557
28559
28561
28565
28567
28571
28574
28576
28585
28593
28595
28597
28600
28602
28604
28620
28621
28626
28636
28639
28645
28649
28654
28655
28663
28667
28668
28672
28675
28681
28683
28685
28704
28713
28719
28722
28729
28731
28737
28738
28746
28755
28756
28757
28768
28783
28784
28786
28789
28790
28792
28798
28800
28802
28807
28813
28814
28822
28824
28832
28834
28835
28836
28844
28845
28846
28847
28848
28852
28853
28855
28856
28858
28859
28868
28870
28871
28873
28874
28878
28881
28887
28888
28890
28892
28894
28896
28906
28912
28924
28932
28943
28945
28960
28968
28970
28989
28996
28997
29026
29041
29049
29057
29078
29084
29097
29098
29107
29159
29175
29177
29182
29203
29239
29251
29283
29291
29305
29308
29336
29346
29364
29395
29407
29441
29445
29453
29479
29486
29489
29505
29516
29531
29532
29537
29571
29580
29595
29600
29615
29632
29643
29648
29656
29665
29669
29671
29674
29684
29694
29746
29754
29767
29790
29794
29830
29831
29837
29846
29855
29858
29883
29890
29902
29912
29913
29967
29971
29975
29989
30044
30057
30074
30114
30163
30166
30183
30186
30224
30249
30281
30330
30350
30357
30391
30396
30480
30481
30533
30550
30572
30581
30583
30584
30603
30655
30663
30673
30678
30697
30703
30720
30768
30798
30833
30839
30854
30863
30907
30915
30935
30947
30954
30989
31010
31059
31089
31127
31152
31162
31171
31176
31184
31185
31194
31237
31238
31272
31276
31282
31301
31312
31326
31337
31393
31401
31420
31427
31445
31453
31473
31498
31503
31507
31544
31555
31605
31606
31607
31609
31617
31618
31626
31649
31665
31694
31774
31784
31799
31821
31834
31860
31865
31868
31884
31899
31902
31940
31947
31965
31975
31999
32000
32004
32007
32066
32107
32154
32159
32162
32193
32227
32241
32297
32310
32318
32366
32395
32402
32415
32420
32430
32444
32453
32484
32488
32498
32511
32513
32515
32523
32534
32544
32548
32553
32563
32622
32640
32647
32653
32660
32706
32713
32757
32768
32788
32793
32827
32849
32870
32878
32895
32946
32954
32955
32986
32996
33009
33019
33035
33048
33052
33056
33069
33095
33105
33119
33179
33202
33223
33226
33228
33231
33258
33269
33282
33310
33348
33434
33439
33440
33452
33469
33479
33498
33561
33575
33597
33637
33673
33675
33706
33751
33753
33766
33798
33812
33847
33850
33862
33878
33908
33920
33941
33943
33988
34000
34004
34005
34006
34019
34054
34058
34066
34097
34114
34118
34175
34199
34206
34222
34225
34250
34268
34271
34275
34287
34292
34324
34343
34367
34374
34375
34379
34384
34412
34413
34430
34454
34458
34468
34474
34532
34546
34551
34552
34560
34580
34599
34604
34654
34665
34701
34708
34711
34712
34718
34732
34770
34780
34782
34785
34787
34790
34802
34821
34826
34829
34841
34846
34882
34896
34910
34914
34915
34919
34977
34994
35013
35017
35086
35090
35107
35145
35152
35153
35156
35165
35173
35178
35204
35205
35221
35223
35224
35232
35244
35260
35271
35287
35343
35363
35370
35374
35385
35406
35426
35429
35470
35505
35515
35521
35568
35576
35579
35580
35587
35593
35616
35622
35645
35653
35710
35730
35731
35748
35750
35754
35766
35768
35791
35833
35834
35878
35886
35889
35900
35918
35932
35939
35942
35988
35994
36003
36005
36059
36064
36072
36104
36145
36154
36170
36184
36195
36242
36245
36270
36277
36281
36298
36305
36324
36347
36408
36424
36446
36453
36455
36472
36511
36592
36599
36601
36609
36612
36726
36731
36755
36780
36817
36873
36890
36892
36919
36924
36944
36948
36965
36967
37000
37007
37033
37042
37049
37099
37102
37120
37125
37142
37148
37161
37163
37167
37185
37190
37222
37224
37244
37248
37276
37277
37284
37289
37344
37352
37362
37363
37403
37408
37430
37452
37460
37474
37476
37483
37497
37500
37514
37523
37531
37539
37592
37608
37668
37686
37706
37716
37762
37770
37809
37879
37887
37899
37926
37936
37951
37967
38017
38043
38064
38093
38114
38115
38119
38131
38133
38139
38145
38154
38162
38197
38201
38208
38217
38233
38247
38263
38267
38268
38274
38292
38328
38340
38387
38405
38420
38423
38428
38459
38515
38520
38559
38647
38662
38687
38709
38722
38744
38781
38790
38811
38817
38838
38842
38865
38876
38884
38889
38891
38895
38907
38914
38915
38948
38959
38966
38978
39015
39027
39030
39060
39081
39096
39107
39136
39193
39258
39303
39304
39403
39477
39510
39514
39544
39565
39602
39608
39661
39674
39677
39679
39687
39717
39787
39807
39815
39826
39850
39852
39854
39914
39927
39933
39986
40000
40016
40038
40039
40060
40066
40067
40070
40073
40077
40085
40093
40117
40119
40124
40150
40178
40182
40188
40193
40213
40223
40226
40243
40248
40258
40259
40269
40279
40282
40288
40325
40326
40333
40335
40337
40339
40373
40382
40404
40412
40413
40423
40428
40430
40436
40459
40485
40537
40555
40607
40616
40622
40640
40665
40698
40729
40732
40744
40746
40760
40802
40818
40828
40842
40853
40921
40923
40940
40948
41006
41013
41025
41070
41080
41089
41134
41147
41182
41187
41188
41246
41259
41265
41303
41304
41328
41344
41352
41382
41412
41448
41458
41461
41472
41514
41535
41546
41553
41583
41605
41617
41630
41649
41676
41715
41745
41760
41782
41786
41806
41822
41829
41833
41845
41862
41872
41873
41917
41923
41967
41970
41978
41993
42014
42030
42059
42065
42118
42129
42132
42198
42222
42236
42238
42253
42282
42283
42302
42343
42349
42350
42389
42401
42409
42417
42420
42436
42458
42484
42513
42521
42545
42550
42607
42625
42643
42651
42665
42679
42712
42722
42724
42730
42733
42744
42773
42776
42816
42817
42818
42821
42832
42853
42858
42871
42896
42923
42927
42937
42944
42988
42992
43013
43063
43074
43099
43121
43141
43145
43192
43202
43241
43247
43255
43284
43286
43409
43419
43443
43445
43470
43484
43502
43525
43580
43583
43588
43590
43604
43630
43634
43648
43660
43672
43718
43737
43782
43790
43800
43806
43813
43840
43864
43867
43873
43904
43960
44000
44017
44029
44045
44089
44091
44150
44169
44200
44201
44204
44212
44229
44247
44255
44258
44271
44279
44288
44291
44295
44299
44329
44383
44390
44391
44401
44430
44449
44451
44467
44500
44511
44512
44513
44519
44583
44584
44609
44617
44625
44655
44658
44695
44730
44746
44763
44772
44792
44803
44842
44899
44906
44963
44972
44984
45012
45016
45046
45095
45109
45113
45128
45138
45165
45187
45200
45205
45213
45222
45232
45237
45255
45256
45296
45300
45359
45379
45429
45472
45501
45510
45516
45561
45563
45565
45587
45605
45624
45630
45663
45664
45695
45703
45713
45735
45760
45781
45782
45789
45798
45803
45844
45853
45857
45919
45934
45937
45955
45959
45984
45995
46001
46016
46045
46072
46084
46110
46122
46128
46137
46143
46147
46186
46190
46191
46232
46238
46250
46260
46266
46280
46311
46328
46336
46345
46348
46359
46360
46384
46401
46413
46435
46439
46452
46495
46497
46505
46518
46522
46534
46553
46569
46570
46572
46593
46669
46675
46707
46732
46772
46780
46796
46797
46807
46819
46839
46869
46936
46942
46952
46961
46962
46970
46986
46987
46992
47003
47005
47020
47035
47041
47053
47073
47086
47091
47105
47114
47135
47138
47142
47148
47150
47161
47169
47200
47201
47220
47238
47245
47284
47321
47322
47356
47368
47381
47384
47412
47467
47474
47504
47533
47536
47540
47578
47592
47598
47613
47652
47657
47670
47686
47690
47697
47708
47771
47782
47806
47855
47896
47898
47906
47933
47942
47963
47969
47975
47978
47989
47991
47992
48011
48015
48035
48044
48050
48065
48069
48100
48126
48158
48166
48178
48179
48188
48211
48232
48263
48284
48291
48299
48358
48372
48410
48426
48437
48441
48450
48461
48464
48508
48530
48544
48548
48558
48609
48625
48642
48653
48668
48680
48697
48708
48728
48737
48762
48792
48794
48799
48834
48838
48855
48863
48865
48867
48869
48875
48877
48972
48991
48995
49008
49014
49015
49024
49057
49066
49068
49072
49073
49087
49092
49105
49107
49144
49153
49157
49166
49202
49227
49232
49282
49293
49297
49335
49344
49361
49391
49410
49417
49429
49433
49450
49492
49512
49542
49546
49574
49590
49603
49624
49712
49721
49771
49780
49788
49793
49802
49805
49823
49844
49846
49855
49863
49879
49881
49889
49896
49898
49920
49939
49991
49997
49998
50056
50064
50068
50077
50081
50085
50088
50113
50135
50163
50167
50226
50244
50252
50258
50344
50358
50424
50434
50436
50460
50466
50479
50505
50509
50511
50525
50538
50544
50546
50562
50569
50602
50612
50623
50638
50655
50683
50713
50779
50787
50797
50804
50833
50844
50879
50882
50904
50926
50940
50968
50986
50994
51010
51077
51092
51120
51121
51156
51171
51173
51180
51244
51281
51308
51313
51322
51352
51357
51358
51386
51387
51416
51439
51529
51572
51573
51575
51611
51659
51670
51681
51732
51735
51749
51758
51777
51796
51797
51809
51852
51881
51896
51902
51918
51922
51924
51961
51971
51978
51994
52004
52008
52024
52087
52094
52137
52148
52156
52175
52201
52213
52220
52235
52266
52302
52326
52330
52340
52352
52388
52391
52401
52420
52434
52439
52446
52471
52474
52481
52508
52520
52526
52560
52578
52581
52614
52632
52695
52706
52726
52736
52753
52775
52827
52868
52869
52883
52933
52938
52955
52971
52973
52991
53003
53049
53054
53071
53081
53086
53099
53112
53121
53127
53150
53153
53162
53177
53188
53196
53201
53249
53291
53346
53357
53385
53402
53403
53416
53522
53558
53596
53611
53615
53643
53648
53672
53673
53678
53683
53697
53707
53748
53751
53760
53762
53770
53778
53785
53834
53835
53871
53875
53885
53906
53913
53919
53931
53952
53958
53978
54001
54018
54038
54073
54076
54093
54108
54111
54145
54147
54172
54180
54183
54253
54277
54347
54358
54362
54397
54410
54455
54463
54473
54484
54500
54505
54516
54517
54521
54539
54561
54584
54590
54640
54652
54682
54692
54695
54732
54753
54766
54777
54780
54810
54814
54861
54865
54876
54893
54934
54941
54945
54965
54986
55012
55023
55111
55119
55121
55132
55135
55144
55193
55206
55237
55281
55292
55307
55313
55318
55328
55341
55364
55368
55387
55388
55402
55412
55421
55447
55467
55498
55504
55545
55553
55570
55571
55574
55583
55585
55590
55599
55609
55641
55643
55649
55672
55679
55682
55684
55695
55702
55713
55719
55724
55770
55798
55800
55808
55841
55849
55865
55888
55907
55910
55923
55930
55938
55950
55966
55971
56007
56038
56074
56079
56091
56125
56132
56134
56141
56188
56229
56245
56248
56277
56304
56317
56362
56390
56397
56401
56424
56431
56435
56438
56446
56494
56505
56528
56538
56606
56618
56641
56645
56658
56688
56689
56717
56718
56730
56739
56753
56805
56833
56850
56870
56873
56885
56897
56942
56979
57003
57058
57059
57087
57102
57127
57133
57152
57208
57243
57274
57289
57303
57382
57392
57414
57435
57459
57462
57477
57479
57517
57539
57568
57581
57612
57620
57682
57701
57721
57724
57757
57791
57793
57805
57811
57821
57828
57830
57856
57867
57870
57873
57884
57908
57931
57934
57935
57951
57959
57983
57988
57997
58049
58061
58067
58152
58167
58169
58187
58244
58248
58256
58261
58264
58267
58273
58278
58282
58322
58323
58340
58350
58375
58379
58409
58415
58424
58430
58461
58471
58473
58529
58542
58557
58580
58595
58639
58641
58652
58676
58691
58746
58757
58773
58799
58801
58847
58870
58875
58890
58900
58905
58918
58928
58955
58956
58961
58962
58966
58985
58989
58996
59014
59032
59042
59048
59058
59069
59152
59164
59177
59188
59199
59212
59215
59239
59245
59252
59267
59273
59281
59295
59298
59306
59308
59327
59344
59357
59397
59401
59405
59431
59432
59450
59496
59501
59507
59528
59536
59546
59553
59558
59575
59594
59597
59605
59621
59661
59674
59678
59686
59694
59722
59797
59820
59821
59899
59928
59931
59937
59939
59947
59970
59979
59985
59992
60006
60008
60121
60206
60260
60267
60305
60312
60331
60333
60350
60351
60357
60407
60450
60461
60489
60516
60526
60559
60566
60577
60578
60598
60618
60620
60643
60646
60656
60663
60666
60685
60688
60701
60704
60755
60763
60783
60786
60855
60866
60875
60906
60909
60910
60911
60937
60958
60992
60996
61000
61001
61031
61073
61095
61104
61126
61176
61221
61247
61283
61320
61361
61401
61404
61418
61431
61438
61445
61447
61456
61463
61481
61525
61544
61553
61557
61560
61575
61593
61611
61620
61671
61694
61751
61755
61762
61772
61804
61822
61826
61847
61848
61881
61902
61952
62016
62020
62051
62058
62073
62084
62085
62177
62217
62218
62235
62236
62239
62242
62268
62300
62326
62332
62353
62374
62378
62395
62403
62412
62422
62425
62511
62518
62536
62538
62539
62541
62566
62569
62614
62644
62649
62665
62678
62681
62694
62698
62707
62716
62836
62846
62861
62908
62935
62953
62964
62987
63000
63026
63032
63046
63060
63083
63171
63200
63235
63237
63262
63284
63291
63309
63314
63342
63344
63356
63363
63385
63386
63422
63476
63500
63529
63543
63551
63641
63643
63654
63667
63698
63736
63753
63780
63787
63816
63821
63850
63864
63897
63899
63935
63950
63985
64010
64015
64047
64082
64089
64124
64127
64135
64139
64142
64181
64186
64233
64261
64267
64275
64320
64342
64356
64360
64363
64376
64390
64431
64438
64440
64447
64481
64490
64496
64513
64521
64584
64640
64651
64720
64735
64757
64774
64791
64796
64819
64862
64879
64945
64953
64962
64963
64967
64989
65030
65087
65105
65115
65128
65150
65164
65175
65243
65279
65296
65321
65347
65353
65379
65395
65406
65425
65442
65484
65497
65510
65550
65554
65559
65562
65602
65634
65661
65666
65679
65686
65693
65694
65698
65729
65750
65761
65765
65784
65785
65794
65807
65823
65851
65876
65878
65896
65916
65932
65976
66003
66019
66044
66053
66090
66092
66109
66167
66193
66203
66231
66252
66256
66260
66268
66273
66276
66278
66360
66361
66386
66393
66396
66422
66425
66473
66481
66531
66577
66582
66595
66596
66621
66625
66643
66672
66702
66741
66750
66798
66811
66825
66828
66849
66855
66866
66882
66884
66894
66899
66916
66958
66988
66994
67000
67038
67068
67103
67130
67141
67146
67163
67186
67194
67196
67223
67268
67269
67271
67286
67287
67288
67313
67322
67328
67342
67356
67374
67426
67434
67457
67495
67525
67545
67547
67555
67604
67608
67641
67642
67646
67690
67714
67717
67732
67758
67768
67791
67794
67829
67830
67849
67877
67894
67899
67902
67904
67912
67925
67936
67951
67960
67976
67982
67991
68000
68014
68018
68041
68053
68058
68064
68070
68092
68103
68122
68172
68176
68256
68260
68272
68309
68325
68334
68344
68345
68361
68435
68439
68441
68532
68551
68692
68746
68801
68809
68818
68828
68839
68850
68864
68891
68895
68911
68965
68976
68983
68990
69010
69024
69025
69029
69039
69049
69050
69059
69094
69103
69109
69129
69135
69137
69150
69152
69236
69240
69244
69261
69284
69323
69341
69419
69420
69436
69451
69473
69480
69499
69512
69584
69612
69637
69643
69683
69717
69737
69738
69739
69742
69745
69776
69797
69859
69877
69880
69896
69898
69903
69931
69936
69956
69966
70003
70022
70027
70032
70033
70039
70056
70061
70073
70088
70141
70192
70214
70222
70240
70248
70264
70273
70279
70289
70297
70329
70333
70346
70354
70359
70423
70450
70477
70482
70514
70516
70535
70545
70553
70563
70564
70588
70636
70652
70667
70687
70696
70709
70805
70814
70818
70821
70841
70844
70852
70870
70879
70883
70925
70926
70966
70982
70984
71012
71013
71022
71031
71038
71040
71078
71097
71110
71152
71177
71195
71236
71280
71284
71314
71315
71342
71353
71355
71370
71374
71395
71474
71485
71496
71497
71544
71545
71567
71572
71577
71587
71592
71601
71609
71610
71613
71618
71702
71703
71709
71731
71774
71782
71786
71791
71793
71796
71807
71876
71884
71919
71926
72011
72018
72036
72078
72109
72136
72149
72201
72209
72214
72231
72243
72254
72275
72293
72299
72314
72317
72331
72342
72355
72367
72375
72381
72449
72453
72463
72471
72477
72513
72524
72585
72586
72593
72617
72638
72667
72693
72703
72706
72726
72740
72741
72749
72752
72804
72823
72824
72834
72864
72888
72920
72948
72961
72963
72969
72971
72990
73053
73068
73069
73071
73078
73102
73106
73154
73180
73247
73252
73259
73266
73273
73274
73284
73290
73291
73304
73318
73338
73350
73422
73440
73521
73565
73570
73573
73586
73603
73633
73645
73666
73685
73695
73745
73755
73760
73763
73769
73806
73810
73841
73850
73873
73890
73894
73898
73914
73955
73964
73980
73981
73986
74001
74004
74018
74039
74045
74065
74083
74084
74122
74151
74219
74220
74222
74224
74279
74296
74323
74328
74342
74350
74360
74364
74372
74391
74416
74476
74498
74528
74529
74568
74626
74642
74650
74651
74722
74729
74742
74751
74756
74781
74785
74803
74806
74811
74820
74847
74856
74864
74877
74910
74941
74943
74945
74947
74959
74964
74970
74979
74985
74991
75007
75013
75039
75046
75078
75079
75089
75107
75119
75151
75154
75194
75198
75204
75216
75238
75248
75249
75277
75278
75289
75311
75333
75335
75355
75358
75406
75446
75484
75518
75533
75553
75556
75570
75579
75595
75598
75601
75623
75710
75730
75731
75738
75770
75781
75804
75808
75813
75836
75846
75862
75955
75956
75963
75970
75972
75977
75992
76003
76015
76021
76037
76045
76046
76074
76076
76103
76129
76132
76144
76145
76151
76172
76197
76250
76255
76257
76269
76280
76285
76294
76300
76318
76338
76362
76379
76428
76472
76479
76487
76496
76502
76546
76562
76568
76587
76603
76607
76611
76625
76658
76672
76675
76685
76686
76700
76710
76741
76750
76755
76776
76802
76803
76828
76831
76833
76837
76870
76874
76901
76905
76908
76913
76921
76930
76962
76983
76985
77000
77003
77035
77038
77041
77071
77075
77076
77109
77117
77185
77284
77306
77354
77374
77379
77390
77391
77393
77395
77405
77432
77531
77532
77550
77574
77602
77621
77624
77689
77704
77724
77732
77735
77740
77743
77749
77760
77786
77826
77856
77861
77873
77889
77915
77942
77946
77963
77989
78005
78012
78030
78031
78038
78049
78070
78073
78074
78113
78135
78166
78167
78169
78177
78180
78189
78214
78225
78227
78241
78268
78306
78321
78337
78366
78411
78422
78437
78438
78502
78508
78515
78600
78624
78641
78651
78677
78687
78710
78717
78737
78739
78741
78779
78788
78790
78816
78823
78834
78855
78863
78866
78873
78921
78939
78961
78972
79033
79055
79079
79088
79095
79126
79134
79147
79167
79181
79208
79219
79237
79311
79319
79365
79371
79407
79443
79472
79480
79481
79487
79519
79522
79535
79545
79566
79597
79659
79662
79663
79664
79670
79708
79740
79790
79836
79837
79845
79846
79851
79877
79881
79883
79890
79916
79929
79932
79943
79947
79964
80008
80032
80056
80077
80104
80113
80180
80248
80259
80295
80298
80309
80317
80356
80360
80361
80364
80367
80379
80389
80412
80464
80483
80529
80557
80559
80567
80574
80577
80591
80614
80657
80669
80671
80695
80713
80715
80735
80803
80804
80820
80837
80854
80857
80870
80931
80937
80942
81003
81007
81026
81068
81119
81148
81150
81212
81222
81226
81239
81328
81336
81365
81387
81392
81410
81445
81456
81500
81508
81520
81532
81546
81570
81573
81583
81612
81614
81619
81627
81653
81668
81673
81680
81682
81695
81714
81733
81754
81783
81820
81842
81849
81908
81949
81954
81955
82026
82038
82041
82070
82081
82106
82141
82151
82165
82185
82213
82217
82222
82272
82275
82284
82309
82315
82391
82395
82406
82441
82442
82450
82456
82460
82466
82476
82500
82505
82523
82552
82560
82564
82580
82591
82599
82692
82697
82731
82735
82743
82772
82784
82800
82805
82808
82817
82822
82827
82831
82839
82843
82850
82854
82903
82906
82922
82942
82956
83036
83045
83074
83089
83126
83132
83138
83142
83211
83234
83258
83265
83269
83278
83283
83284
83302
83374
83376
83385
83420
83433
83450
83466
83470
83496
83504
83506
83535
83543
83544
83552
83566
83585
83594
83637
83650
83654
83681
83699
83700
83706
83713
83716
83718
83732
83746
83754
83758
83764
83829
83898
83902
83903
83904
84009
84045
84047
84054
84063
84108
84122
84131
84139
84147
84165
84191
84206
84226
84279
84335
84340
84395
84400
84450
84455
84485
84500
84520
84539
84558
84573
84587
84590
84594
84602
84623
84630
84632
84726
84728
84753
84782
84795
84809
84818
84831
84841
84853
84871
84887
84897
84922
84960
84977
84985
85042
85061
85076
85085
85088
85098
85148
85166
85208
85221
85244
85251
85253
85288
85302
85351
85356
85381
85388
85393
85428
85433
85443
85462
85472
85480
85481
85531
85567
85581
85586
85599
85618
85631
85648
85659
85673
85718
85734
85738
85790
85811
85813
85824
85830
85875
85895
85917
85943
85950
85953
85957
85963
85980
85994
86033
86063
86081
86084
86097
86132
86157
86177
86183
86188
86191
86207
86227
86237
86239
86265
86287
86298
86301
86309
86315
86321
86329
86336
86346
86349
86369
86377
86420
86423
86424
86440
86481
86500
86510
86574
86581
86615
86618
86629
86632
86633
86652
86655
86660
86675
86683
86690
86697
86736
86743
86796
86798
86811
86812
86820
86853
86907
86923
86939
86948
86950
86983
86999
87009
87042
87057
87061
87068
87090
87095
87120
87122
87129
87140
87143
87161
87169
87175
87235
87272
87273
87291
87326
87371
87378
87391
87398
87425
87436
87445
87448
87465
87493
87537
87543
87549
87552
87558
87562
87572
87619
87623
87625
87632
87655
87657
87665
87671
87703
87715
87720
87737
87768
87790
87799
87819
87822
87824
87835
87854
87874
87898
87908
87922
87926
87943
87984
87994
87996
87999
88008
88027
88031
88065
88077
88083
88096
88101
88115
88133
88173
88227
88236
88251
88275
88336
88354
88374
88393
88408
88426
88438
88464
88472
88489
88494
88529
88578
88697
88699
88712
88718
88730
88733
88739
88744
88757
88758
88760
88770
88815
88816
88826
88842
88875
88892
88913
88933
88946
88966
88986
88989
89008
89017
89021
89033
89044
89071
89080
89112
89202
89213
89242
89306
89307
89325
89339
89340
89343
89345
89346
89366
89368
89387
89395
89420
89421
89428
89442
89455
89465
89469
89470
89475
89492
89493
89510
89528
89530
89537
89580
89592
89619
89640
89642
89666
89669
89671
89677
89687
89696
89705
89712
89760
89792
89795
89797
89801
89824
89832
89860
89874
89905
89923
89940
89967
89968
89984
89989
90011
90016
90033
90036
90094
90117
90163
90207
90210
90211
90223
90231
90253
90258
90292
90303
90316
90322
90330
90379
90396
90401
90402
90404
90414
90423
90438
90462
90516
90535
90542
90564
90600
90604
90609
90644
90676
90692
90693
90700
90750
90768
90789
90793
90802
90811
90830
90842
90844
90854
90871
90879
90883
90884
90889
90896
90949
90956
90964
91003
91013
91021
91041
91061
91084
91111
91158
91159
91161
91163
91172
91180
91189
91193
91208
91216
91269
91278
91288
91292
91305
91313
91314
91329
91358
91361
91392
91395
91434
91464
91467
91480
91489
91502
91510
91516
91539
91541
91571
91575
91627
91633
91657
91660
91670
91681
91694
91695
91717
91721
91743
91756
91764
91765
91769
91776
91781
91793
91801
91806
91811
91825
91873
91931
91960
91967
91980
91987
91992
92013
92035
92037
92052
92065
92095
92099
92104
92138
92162
92170
92171
92184
92199
92201
92204
92221
92246
92257
92264
92281
92293
92296
92328
92330
92352
92355
92385
92400
92452
92471
92516
92539
92545
92548
92552
92553
92560
92618
92623
92656
92663
92705
92708
92729
92739
92762
92769
92786
92794
92800
92878
92892
92902
92909
92926
92954
92982
93000
93001
93043
93045
93094
93096
93098
93111
93113
93119
93122
93136
93140
93157
93189
93207
93250
93329
93333
93345
93357
93375
93395
93415
93424
93435
93438
93439
93443
93482
93485
93487
93492
93502
93507
93547
93553
93631
93636
93644
93646
93688
93702
93705
93732
93748
93751
93759
93777
93822
93847
93874
93883
93888
93899
93907
93918
93964
94000
94022
94050
94066
94070
94094
94168
94177
94191
94243
94256
94285
94306
94325
94340
94364
94381
94387
94391
94394
94406
94423
94505
94507
94523
94583
94706
94707
94715
94729
94738
94742
94770
94804
94835
94851
94854
94871
94872
94910
94947
94952
94957
95002
95011
95023
95064
95086
95111
95117
95119
95133
95137
95158
95165
95167
95170
95250
95256
95291
95293
95297
95313
95329
95332
95383
95415
95429
95467
95477
95480
95482
95484
95487
95506
95545
95595
95624
95630
95632
95637
95660
95661
95665
95666
95674
95692
95718
95757
95785
95788
95808
95814
95830
95834
95843
95866
95884
95886
95909
95942
95957
95965
96015
96019
96053
96056
96086
96135
96140
96150
96156
96169
96172
96174
96178
96183
96199
96201
96221
96224
96232
96234
96237
96308
96325
96360
96381
96393
96420
96431
96435
96441
96453
96468
96499
96523
96560
96565
96569
96570
96576
96580
96641
96650
96653
96708
96753
96768
96778
96790
96805
96846
96848
96867
96882
96883
96894
96918
96920
96929
96931
96938
96948
96958
96965
96980
96983
96986
97014
97061
97062
97086
97098
97123
97124
97132
97145
97148
97156
97160
97174
97191
97203
97217
97221
97229
97264
97266
97291
97297
97309
97320
97331
97334
97347
97352
97455
97463
97470
97481
97492
97505
97572
97583
97592
97603
97650
97691
97711
97712
97720
97744
97753
97755
97776
97784
97805
97810
97835
97889
97946
97959
97966
97976
98042
98044
98062
98086
98087
98097
98098
98121
98134
98140
98154
98165
98173
98182
98187
98191
98202
98205
98234
98236
98248
98269
98276
98296
98328
98336
98343
98363
98377
98389
98417
98440
98458
98460
98476
98525
98530
98551
98565
98567
98573
98582
98586
98588
98589
98594
98616
98632
98636
98652
98708
98723
98726
98730
98744
98745
98750
98768
98809
98830
98835
98847
98852
98881
98886
98908
98914
98923
98967
98983
98990
98991
99008
99021
99056
99089
99103
99124
99139
99149
99151
99178
99183
99190
99202
99221
99229
99234
99238
99243
99289
99298
99310
99323
99342
99354
99362
99364
99400
99410
99427
99447
99455
99489
99509
99537
99543
99599
99603
99609
99627
99646
99649
99666
99674
99677
99691
99728
99751
99785
99798
99806
99821
99822
99823
99830
99847
99848
99860
99888
99901
99908
99916
99943
99947
99959
99965
99998
