0000001
1010111
100001
01110
000100
00010
0011001
011000
001000
1000
0001011
00000
0101010
0110001
1001111
01
001
000101
010111
1110001
1101110
0010100
0000
101000
0011100
1001010
1100110
011111
010101
0011
11100
01101
100010
1111000
0100
0110011
1010011
000001
1
100111
011011
1001110
0100110
0001111
1011110
1010001
0111001
1000010
1101
1000110
0000010
0
1100
0110
10101
1011001
1011000
11001
01011
101111
110
1000101
101001
1001
1010101
10111
1110
10011
0011110
10000
1110010
0110110
011101
1011111
110010
1000000
0101011
0000011
110111
1000001
1010
1111011
00
10100
1100000
0001010
1010110
0100001
111010
0011000
111101
100011
010
111111
1100111
01010
1100011
1001101
0101001
1110101
001111
001100
10110
111100
001110
0011101
010110
1110011
1011
0100100
1001011
0100111
000010
00110
0111
1100101
110101
1001001
0111110
11110
0001110
111000
0111100
00011
0000110
00111
111110
0010101
1001100
111
0100011
0000111
000
0101101
1101100
00001
0110100
1111101
0000000
0010
11010
0101110
1011100
1101101
101100
1011010
1100100
1001000
011001
011110
0000101
0110111
00101
110000
0111101
100110
0101
1101011
1111110
01111
1011011
00100
111011
11
101101
1110111
1000100
0011010
110100
1111100
010100
001011
1000011
11111
0101111
000011
101110
1110110
10001
1010100
010011
1101111
01000
1110100
1010010
1111001
0110010
001010
11011
0111111
0011111
1111
0010011
0010001
0101100
0110101
101010
110011
1010000
100000
101011
010001
100100
1100010
0001100
000110
1101000
100
0001101
0010000
1110000
1011101
1101001
0001000
0100010
0010010
0111011
1101010
000000
010000
1000111
110001
10010
01001
01100
0000100
0110000
1100001
0111000
001001
011
011100
0100101
100101
001101
11101
0010110
0011011
110110
0101000
000111
0100000
010010
0010111
0111010
0001001
111001
1111010
001000
10 001 1000111
101 01110
111 101
0 010100 101010 0110001
1000100010 1101010101 0010010111 1001001000 1111010000 1100111011
0011 101111
100 0001100
10 00100 110011 1010001
010 110 111 100 000
00 110 1111 01011 100010 001001 1110011 0001000
101011 0100101 0111001
011 0111 1110011 1100010
11010100 01000101 11110101 11111000
01 110 011 000 0010 010011 001001 1010010 0000000 1011111
0 00011
010 0010010
01101
010111110 111101110 010101100
100 0000 01101 10100 111011 101001 0101100 1111001 0011000 0111001
11001 10101 00010 00000 01000
1001 0100 11101 010000 000011
01011 10001
101 0011
00 010 1000 10100 11000
11111 011101 0010001 0111111 0011001
00 011 1001 01000 1101010 1010101
11 11101 011010 100100 0010001 1001101
010 0010110
0111 1010011
01 110 1011000
101 1001101
01 110101 000011
10010 10000 011111
0 011110 1000001
110 00001 10101 111010
11 11001 11010 000011 101111 1011011 0000011 1000001 1000100
10 100111 0010011
1 101110
10110100 01110011 11101110
0111 0101 01101 11000 01111 110010 100100
110 0000
11010000 11001110 00101110
10001 10100 00000 11000 00001 00101
0010 111111 101010 101001 0001001 1011110
1011111000 1010100110 1101111001 1000010100 1000011101 0011111111
0010 0001 1010 0011 1011
11010 10001 01010 01101 00000 11100
0 1010 10000 00011 11011 0101011
0 101 11001 00000 100010 100110 000101
1 0011 10010 11000 1110000 1010100 1011100
1000 111111 0010000
00011100 01101011 00111000 00001101
1000 0001 0000 0011 0110 1011
00 11010 01101
0001000110 0010000011 1001010100 0110110010
1000 000101
010 001 100 101
11 110 011 000 1000 0011 01101 001010
1 00 0100010
0101 00000 011011 111001 100111 101010 1110100
110 101 011 0001 11110 11011 000010
0111 111000 1110010 1101100
001 111 0101111
00 011 100 01010 01001 00011 1000101
10010 101000
111 11010
110001100 101010111 010101100 001010111
010 110 101 011 000
1 11 0100 101000 0001110 0101110
101000110 101001000 011110101 001010100 000110100 110000010 010110000
010 000 1110 1011010
010 0111 100010 000111 1011011
001011001 011101010
01 010 000 0101 1110 0000 010101 1111100 0011011 0111011
010100 010001 001110 001100 000101 001101
111 000 0011 10010 110011 101010
11 101 000 1000 1110 1010 110111 100100 1111111 0100110
00 0100 0110 01111 000010
00 000 0000 100001 101101 100110 1011101 0010010
11 110 01001 000101 0000011 1011111 1111100 0100001 1001011 1000010
11 01101
0 11 01 11110 100101 0010000
100 11011 1111101
000000 011101 011010 000111 011100 001101 010011
1110 1001 0100 0111 1010 0110 0000
0 100 00011 010110 0111110
10 110 111 100 0010 0110 000000 111001 1101111 0011000
11001010 01100000 11111001 11001000 01000000 10011011 10001100
0000010001 0101101000
101 1000 0001 101011 0110101 1101000 0000110
11111
010 001 101 011 100
01 0001 1101 1010 0011 11101 000001
1110 0100 0001 1101 0111 0000 0101
1000 1101 1010 0011 1100
00 110 111110
000010 101001
011 1011 01111 100010 010011 1001000 1001100
11 10 110 100 01111 010001 0100100 1011110
11 100110 1001000
1 100 1111 10001 00011 010011 0011000
00 000101 0100110
010 1111 11001 00000 10011 110100 011001 001001 1101010 1011011
010100101 000111001
1101010 1110111 0010000 1011100 0111000 0010111
01110101 01010000 10110010 00001000
1 10 0011
111010011 011110110
101 100110 101011 0111100
1110 1001 1101 01010 000100
0111011
01111 10111 110111 011101
000000
0 100000 1010110 0100100 0111110
1 110 01010
00 1010 0101 100000 1011110
111111100 011100110 011010100 100100111 110111010 111011101
0100101
01 1101 111100
1 010
11 0111 0101110 0100110
0101000
1 100011 1001110 1011011
0 011 1101101
111 0011 10011 1010011 0010000
0 11 010 111 0110 10101 10100 00001 0010110
011 000 1110 1001 0010 1010 11010 10110 1110010
110100 111010 000100 110011 111101
1011 1010 0011 0110
100100 010000 000010 101111
0101111000 1001000001 0101100001 0001100101 1110011101
0001110 1100110 1000011 1010001 0111001
01 000
1 010 000
01
001
11011011 00001000
1 1010 100111
0011010 0011001 0100010 0101001 0010110 0101000
0 1010 11001 01111
0 11011
1 1010 1001110
1001 1101 0011 0000 1111
10 011 0011 0110 1011 00100 110101 0100010 1001000 1000010
0101100 1011011
1 0 101001
0001 1111 01011 11000 00100 11101 0001101 1101100
1000010010 1010111111
010010011 000010111 111000110
1
0011101 0100101 0000010
0000 1111
1000010
110 001 101 0110 01111
0 11
1101010 0001001 0100010 0000111 0110000
0100 01000 0001111
00 110 101 011 10010
11 0001 1101 01010 101000 100110 1100110
110100 101100 0010111
10 011 11101 00101
0 11 11110 01110 010010 000010 011101 001010 1110101 1000001
0010111110 0100100110
0 11101 10011
010 00000 011010
01 100010 111111 0010111
101 000 1110 0011 0101 11010 00100 111011 011010 0111100
1101011010 0001110100 1111110101 1111101111 0100011000
00 10 00101 0101100
0011011110 0100001111 1001110101 0011001011 1011011011
11 10001 110001
011000011 010110010
0 110011
001 000 101 111011
01101001 10101101 00001100 01110010 01011100 11001100
10100
101101101 010110101 011101001
01010 10100 10010 01001 01011 11101 10011
11 01 110 01100 10111 011010
01 100 000 0001 0101 00111 111100 100101 111000 1011110
111100010 110010101 010000110 001001110 100111001 000111011
1100011
01 0100 0010 111110 000011
011 0000 00110 100000 110100 101011 010111
001100
0 01 01010 11110 010011
1101010010 0001010010
111 0101 1100011 1000001 1001010
01 101 0010 00110 10010 01000 011011 001111 1010001 0111011
000 10101 11011 110111 011001 1011011 0100001
001 11100
1000 001111 011111 100100
10 100 01001 00000 11101 01110 1111110 1111011
11 001
1 001 00110 10100 11011 001000 111100
10100010 10000111 11110111 11010100 11000110
1101 11001 11100 010110 010010 0110100 1010000
0101 011011
0 1011000
0110100
010 110 001 011 100 000
010 0100 0000 01010 00101 010011 111101 0001011 1000100
10010 01011 00000 00001 11011
000 100 0101 00010 0000011 1111101
0 111 000 1100 11010 10000 01000 11101 0111111
01111101 10110111 01010100 10010100 01110000 01011100 11001100
0110110111 1000011000 0100100100 0000101100 1011010100
00100 11101 10111 11100
010100 011011 000110 110011 011100 111111
001 101 010101 001100 0111101 0101011 1111010 0110111
100110
110 100111
0 1000
1 0000 11000 10011 1100100
1011 0101110 0000000
00 0111 10001 10111 00011 01000 0101111
1110111
1 10 0001 11001 01101 00000 0101100
0 10 010110 1110011
10 0101000
1001110 0101101 0111000 1001111 0101110
000010 100010 1101111
1111000001 0000011110 0111001011 0001001100
010 0001 1111 0111 101101 0011011
01 101 1110 11000
001011
001100100 110010110 011111001 110111011 001110000
0001 00010 010010 010111
1 0 0001 0000 10001 01111 001001 1011000
000 100 101
000 10100 1001011
000 1101 111011 101110
0001111010 1111001000 0010110111 1011100110 0010101010
11 100 000 1001
0 010 1011 10111 001110
000100 110000 100000
1010100
10 01
1111 01010 01101 000010 0010101
1 10000 01010 011011 1100001
11 000 0011 11010 011011 1010001
101111111 011111010 011100001
10 0000 00100 010010 111111 1101000
000 11000 00101 10011 01110
10 110 0001
0 1110 01100 00001 0011001 1010011 0011101
11 0001 00001 00101 110111 110101
001000000 011111000 011011100 000110011 111111110 100101101
1000 10000 100101
111 011 100 00100 111010 010000 0011111
0 101001 1010001
1 011 100 10111 000000 1010111
0011 011101
01 101 111 1010 00111 111100 110110 0011000
11 010 100 0111 10100 000101
01 100 0110 000100 0000011
0100010
0100 0101 00001 11101 011011 0000000
1 001 01110 111110
1 11 001 0101001
1110 1101 01010 11011 010100 111110 000101 0000011 0010000
00 001 11010 01110 0100011
001 1000 1110 1001 1101 01000 110100 100101 0110110 0011100
10 100 1101 0110 01001 01000 11110 1110011 0000001
110 1011
0100 1101 11000 001010 1101101 1110001
1000 0110 10010
010110 000110 011001
11 100 000 1100 01011 10110 11000 11011 1111111
01011 101010
101 1001 0110 00011 001111 0110101 1101111 1111101 0101000
100 010110
10 111 01001 11110 001000
00 111 0100 011011 110101
100 1101 0111 11111 100111 0000010 1110000 0010100
1000000011 1111111111 1111000011 1011100011 1111100000
01110
000 0100 11111 110110 111101 1100010
010 001 111 100 1101 01011
001001 000111 010011
0110011 0011111 1110001
010 111 100 101
1001 0010 0000 0111 1010 1011 1111
01110 001100
010100 0001010
00 00100 00101 010110 1111000 1001101
00 000111 011001
0101 011011 0110101 0001011
11 1001 011010 1101011 1100010 0011000
0 100 01010
011010110 100001111
0 11 101 0100 0011 0000 10001 001001 1111001
0 0110 010110
001 1000 1010 110101 1111001 0010010 1011101 0110011
0010 0111 1010 1011001
0011
010 110 101 111 011 100 000
11100
001 011 000 1001 0010 0011 1100 10000 111001
1100 001111 110111
11100 011010
001 0001 0011 00100 100001 011011 1101001 0111001
11 1101 100000 001001 101001
0 10 00010
101 110000 0110111 1000001 0001111
10 110 1101 1010 11001 1110000 1011100
0 00 010 1110 1111 01010 100010 100111
11000 01000 001110
11 10010 10110 001110 1111000 1111100
010010 001111 100000
01 0110 1011 10000 000000 110110 0001101 1110001
10111 01111
1 10 101 00001 010100 1111010
11 101 1001 0100011
1001 0010 0110 0101 010010
1 0101 01110 101000 0110110
1010000 0111111 1100011 0100001 0100110 1111111
0110001010 0000010001 0110001000 0111001000
1000 0101 001010
01 000 0100011
11 0000 1100101
1011 011101 0011111 1110001
0100 1110 10100 000000
10100 01001 11000 11110 00001 01111
110 001
010 110 101 111 011 100
0010 11010 10101 001100
0010111 0101111 1011011 1101111
110 10000 1100111
00 110 101
1 011 100 0000 000100
10000001 01010111 10100110 11100010 00010110 01010110 00001111
1 10
1 101011
0 11000
0 0001 0011 01001 00100 101011 001011 1001110
001001 110111
11 01 01100 01011 101000
11001 101010 001110 0001010
11 011 100 0011 1011 00001 010001 0001101 0110111
11 00 10001 00111 111111 0100100
0100 0001 1101 00001
011 0101 010110 110110 100110 100111 0101100 1001001 0111111 0110100
1110011010 0010010111 0110101110 1111000000
1 10 00 010 011 111110 100010 1010100
01 00110 000010 110011 100111 001010 1100000 1001000 0101111
0001 001010 0011101 1001111
011 001110 1111101
0 01 10111
00001 11101 11110
01 0101111
1010 1100 01111 100011 100110 011101 0101111
00 101 011 100 1100 11110 110111 1111000 1101001 0111011
1 011 00011 110100 111100 000001 1111100 1000100 0101010 0000001
11010 010100
001 011 100 00000 111011 100111 1110010 1110110 0101011
110 0010 0001 0110 10100 11110 100011
000 001 011 100
1000 1001 0100 0010 1100
001 0100 0111 00011 111110 101000 001010 0001101 1001010
010 111 000 1011 01001 11101 000100 101001 1110010 0110000
1110111001 0110001010 1110110101 1100001111 0011010000 0011110111
10 00 1110 1100100 0100110
10001 00010
0 110 001 1111
1 010 011 0011 111000
010 110 0000 0101 01011 11011 101001 1011111
0 01111 100011 1010000
110101 100000 000111 100101
11 0011
00001011 00110101
100000 001001 110110 100011 101111 101010
101 111 0001 00111 01000 110111 1011101 1001011
001 0101 10010 01001 101001
0 010 011 000101 1110011
11 0101 00100 1000100 1010001
0 0001 01100 01101 111011 001010
1110 0001 1010 0101 11010 00101 1110011 0000101 0111110 1011001
1 1010
010000 0101101
00 11 1100000 1110111
000 100 1011 01100 00111 0001010
0 0101 11101 1001010
01 101
1 10 110
00011100 00100001 10110100 01001001 11001110 00000010
11 000 0110 1011 010011 0110011
10110 1110111
11010 11111 111000 011000
1000 1110 0100 1010 0101
0 101 10110 010111
011 10011 010101 0100111 1110001
00 01001 01011 001001 1110110 1011111 0001100 1111101
10 0011
10 11100
110 0001 011010 0000011 1111101
010 001 110 101 011 100 000
11001 10000 10101 00011
011 000 0111 0011 11001 00101 0000100 1010011 1111111
110 000 0100 100101 1010110
00 11000 101110 0000010
010 00111 110000 001100
1101001
0011111000 0110000100 0101111001 1111100100 0101010010 0100001110
11 00 010 10001 1101101 0111011
00 110 01011 11110 0010001 1000011 0100110 0111011
00 0111101
0 11101 01100
1011111 0101000 0111110 0100110
1001000001 1100110110 1110000100 1101001101 0000110111 0100011001 0000000111
0000 01001 1001001 1110001
1 01101 10111 01111 010100 111011 110001 001010 0111111
011
011100
10000 000110 110011
1 0 0010 0001 01001 0010110 0111011
110110
0100001010 0111000100 1010010001 0011110101 1101001111 0110110101 0001101111
0 1010 100101
0010 1111 01110 011010
01111 0010110 0001101
1 000 101000
1110 0100 1101 1011 1111 0101
100 1001 0110 10101 110011 0110000
101 111 011111 0100111 1010111
110101 100110 001100
010 100 0011 100100 101110 0001110
1111 01110
1 11110 010100 0001011
0 00 110 001 101 0001011 1000010 0111011
1110 1001 0010 1101 0111 0101
111 110001
1 0101 10010 11110 00100 000000 1101110 1001101 0000111
11 01111
01110011 01100110 11001101 11011011 00111101
0 1010000
11 1010 00111 011100 001010 111101
011010
00 0001 0101
010001000 000101011 010011100 011000010 001111100 011000001
1 101 0010 01101 000111 0000110
101 000 0011 11001 00111 11000 00101 0101011
00110 010100
1011 01011 00000 111100 100110 1100101 0111011
0101100 0001011 1111100 0001010 1001100 1000111
0010110101 1110010111 1110000111 0110100001
10 011 1001 10000 11110 1010010 1000011
0 010 0001 1111 0101 10000 11000 010000 1010100
0 0001 10101
0000000 0111010 1011010 1001110 1010100 0110011
01 101 1101 010001 011100
001 110001 110010
1000110
110 111 000 0010 01110 010001 111101 0111011
110 111 011
100100110 101001010 100101100 111110010 100111010
001 0001 0101 11111 01110 0010000 0111101 0110100
00 1000 1010 111010 100110 0101111 1111101
010 100 0000 0001010
1011100010 1111011001 0001011100 1001001011 0001101010 0101000111
01001 1101111
1010010 0111011 1000111 0101000 1111111
0 110100
10 110 011001 0111101 0010110
11 001 10000 01110 101011 001000
00 0100 1010111 0110001
1011111 1001100
111 01010 010100 110110 0101111
111011 100100
1 1010111
00011100 00010000 10111000 00011111 00110000
0 01000 0111111
11 100 011000 1100101
110010
1000 00101 1110011
01 1110 1111011
010 001 000 1010 0000 10001 110000 1011001 1000101
11 001 110 101 100 1001 01010 0001011 0111010 0100010
1 001 1111 10000 00110 110111 100010 000000 1100010
00
110001 100000
110 11010 00000 10011 010100 110100 110011 100100 010011 1110010
01 001 110 00000
011 1000 00110 011110
01 000 1101111
0 01010 101101 0000101
1 10010
111100
001 101 111 1000 00110 0001100
00 1101
1 011101 0010010
00 11001
010 00000 01101
11 1110 0010 01100 01101 00011 0011000
01 000100
1 0 101111 0010111
10 11 0101011
11011101 11110001
110 1100000
11 00 100 1011 1111 000011 0110011
001 110 101 111 011 100
00 01 111 00110 1000111 1000110
0000 11110
111 100 0100 1010 10001 01110
101 1110000
0101000100 1000010111 1011101100
110 1101 01101 001100 000001 001111
111 01000
1 00 1001010
1 100 0111 1011 10100 01011 11100 010101 1101010 0111000
0101 1101101
111 0011 101101
11 0001110 0010011
10111000 10110011 10110010 10110101
1 110 010101 011001 011010 0001100
0011 111101 100100 1011101
01 110 10001
010 001 1110 00111 01111 1000010
01 0010 01111
101001011 101001010 111100110 101100100 000010001 101001100
011111000 011011110 110100101 000101101 010010010 100111001 110101000
1 111 00010 000101 0010001 0101111 1110001
1 110 0001 1010 110100
101 01101 00111 000110 000111 0101000
11 1101 0011000
11 001 101110
11111111 10111110 00001101 01000111 10111001
1000 1011 10010 01111 000100 000011 111101 1100100 1001101 0111110
1111001000 0000101111 1110100000 0000011010 0011011100
101 1000 1011 11110 101011
01 010 1111 000101 010111 1011010
0 00 11100 100000 100110 011101 101010 0001011
00 01 1001 1011 00110
00 01 1110 0010 0000 1011 11000 110101 111000
1000 0100 1101 0111 0110 1111 1100
001 111 011 100
1000 0010 1010 0011 0000 1011 0101
100000 101011 011000 100010 001011 000100 111000
100100
100
11 01 110 0010 01100 11111 100110 000010 011101 1010000
0 01 001 0010 110111 110101 1011010
100 1111 10001 100010
11 100 01000 01110 000011 0011010 1110011 1111000 1111010 1000111
1000 1011 11001 00101 111110 000010 000111 110011 0001000 0010101
1000 1110 1001 0010 0001 1101 0101
01 111011 0000100 1101101
110011011 001100100 100000000 110001101
11 011 0000 011010 1100111 0000001
10000 00110 00111 01000 11110 01111
1010 1110010
001 101010
1 10010 110101
11 000 0100 0111 1110100 0000010
1 001 1011 110001
010 000 1000 1111 01111 101000 111101
01 10001 00001 11011 111010 011100
010 000011
111 1101 1000101
0000 00101 100001 001110 101100 1101101
0011101 1010000
11 01110 011110 100101
10110101 00111110
0010111
1001 01100 1101011 0110111 0010111
01 100 011 0011 11011 00101 1001110 0101001 1001111
0001110 1001101 1010100 1101111 0011110
1 011 0011 00110 01100 011101 0110110 0101011
010 11111 001000 1011010
11011 0001000
11 101 1111 00110 01000 110000 0110110 0010101 0001111
00 010 0010 101001 1010101
010 0011 10100 11000 101101 111000 1001110
1 111000
01 111
0 100 1110 101010
000 1000 01111 010000 100110 000001
01 10000 1110011 1100001 0010011
1110111010 0111011010 0000111001 1100111101 0100111000 0111110010
001 0000 00001 0111010
01 001 100 0100111
0 010 101 1001 0100 111100 011101 1111010 0011110
0100 1100 1011100 0011001
0010 10101 110010 0001101 0111110
1 01 010100 010101 1001100
11 10 001
10 010 11110 0011011
0 101 011 000 0100 11101 10010 001100 1000100
11 10110
10 01 001000 111001 0110100
1 10 01000
010 011
1 01100 0101111
11111 11000 011011 1001010
1 101101
1 0 011110
1 10 0010001
01 010 100 0001 10101 110000 000011 011101
10011 00110
010 0011 1100 01100 00001
0100010111 0001110100
0101101 1100100
00 11 11001 111101
0 00 010 100 0100 000011 0110011 1000001 1000010
110111 110100 111010 000000 101111 110011 010011
1101 1100 00001 10011 010010 001111 100101 1001001 1000101
11 100
10011001 10111101 01111001 10010101 11111110
0010011011 0101011111 1101110110 0011110001 0000010101 0111110011
01 101 001111 1111000
11 100 1111 000000 1110011 0000000 1011001
10 111011
1111 110010
100011001 000101110 110111011 100111111
0 01011 1001001
11 011 00110 00011 0000100 0011001 1010100 1000001
101 100011 101001 1000000
10 0011 01110 010010 111001 000111
10 1010011 0011011
10011000 01110001
010110 0010111
1101010011 1010111101 1111001101 0010101010 1001110000
100 0111 0101 00000 00100 0000100 1001110 1100100 1000001 0010100
101 100 000 0010 000011 111111
0 01 1111 01011 100001 001001 000001
0 0011
100 1101
0111 01111 11000 1110110
10 01 110 01111 0010010
1 1101
00110
00 1010 01001
1011111101 1011101110 1101100010 0101101111
11110
11 01 101 10010 11101 1100000
1001110101 0001100101 1110001010 1111110000 1110011110
0100011
1 0 00 011 10010 10110 1110000
11111 11010 101100
101001000 101101010 100010011 011101111 100001011 110001010 010000111
11001 00101 01010
011 00010 11110 110111 111110 000001 110011 111000
1 00010
0001101 0011100 0110011 1011001 0101010
1 1000
0 11 010011
0 011 11010 10001 01010 10110 111110 0010001 0100111 1010111
10 10011 010010 0110111 0011000
0101
10 1110 1101 11111
00100
000111001 100001110
10 010 00100
1 11 110 100 1110 1101 001110 0111111 0011111 1000010
0101 0100 1010 0011 0000001
0 00 0000 01111 011000 011101 1010111 0110011
10000 00110 01101 00111 11101
010 0100 1001 11010
1000 00000 11000 10011 01110 010101 001000 101010 0000011 0011100
0101 10010 011111 001011 100011 0111001 1100011
100 0110 110101 0111010 0011111
1 11 110 0000 10000 000010
010 0110 1011 0101 00011 00101 001110 011101
0110 00001 10010 01000 00000 111011 000101 0010001 0111111
00 1110011
10 111 1000 0100 0001 00001 001111 1101010
010100 111100 000110 111000 100111 101110
0 11 101 00101
1 0000 01011 00011 11100 111101 101010 1111001
001000 110001 101100 101101 110011 001010
10010100 11001001
00101 010001
10000111 10101001 11000011 00001111 00111000 01001101 00010110
1111 1110000 0000110 1010111 0111011
111 010010 000111 1100110
0110110 1110110
10 10010 10111 101011 001100
1110 11011 0000001
00 001 111 10001 10110 0001100
1100101111 1100111101 1011100101 1110000110 0000111110 1100110101
11 1010110
00 1011100
1 011 1001 0110110 1011111
0 01 110 100 111001 0100011
10100000 10110001 01111011 00100000 11100001 11010000 00010110
010 011 100 1110 11010 00101 001111
0011101 0101011 0011001
0000 110000 0110110
0010 000110 000101 0100111 1100000
011100 101101 011111 111111
1 100 01101
11011101 00011001 10111110 10101010
00 11 100000 101111
000 00000 1110011
010010 010110 111101
0 01111
1 01111 001111
0001 0101 01110 010001 1001100
0000 101000 100110 0100000 0000011 1110001
11 11110
0 101 11000 11011 011101
01 0101 00001 111001 000100 101100 1110011 1001010
1 001111
011 0011 10110 11000 11011 110111 010101 0110101
111111001 011111110 010111110 011111111 111010000 010111010 000011101
01001 00011 011011 011111 0010010
011 00000 0101011
1110010010 1001011100 1011111010 0111111010 0101011001 1101101010
11 11101 100010 1010010 1110000
0 10111 101101 1110001
0000001
10 111 100 1000 0110 000111 0101100
010 11111 00000
001 110 00000 11101 10011 1001010 0110011
000111001 001111110 001110011 000011000 110111011
00000
101 1001 0100 0001 1100001
10 101 0001 00001 011111 0000100 0100110
11 011001
000 101
1001111
111 0111 0110 101100 1001011
11 0101
0 100 1100 10100
1001110 0100010 1101110 0011011 1000110
0 11010 0011111 1010101
1 001 1011
0001 110010 1111100
010 001 101 111 100 000
11001 1110001
0100
10 1101 111100 101000 011100 111000 001101 0010110 1000000
000001
0001 001001 011000 1011000
1000 1110 010001
101 0110 101100
110100 110000 000000 101000 011101 010111
011011
00 01001 011100
0001111
01 110 1010001
10 1111001
0110000 0100111 1001000 1101100 1101111 0010010 0111011
0111 0011
0 100 1000101
11111 10110 1100101
11 010 001000
00 1011 01101 11100 11111 01000 110010 110001 100101
1 00010 00100 101100 0011001 1100000 1011110
10 1110 0011 00010 0111010 1101100
011011000 101110101 010110011 010010010 101111001 110110001
11 1000 01001 0001101 1101110 0010101
10 0000 10111 011111 111000 1101110
10110 11101 1110010 0101001 0101010
11000 00100
0 1110 10001 011111
0 011
100 00101 111100
000 1000 1001 0001 10001 01110 111111
0 11101
0010 11010 10110 01111 011000 000110 111111 0100111 0101010 1000001
11011010 11101011 11100000 10111011 01101000
1001 0100 1101 0111 1010 1011 1100
11 1001 0111 1111 1100 01001 01110 0000000 1110110
101 10111
010110 110001
110 101 0100 0110 1111 100001 111001 0001000
1000100011 0010001000 0001010110 0110001011 0100110011 0111001001
1 10 01 1100 011111 001100 0101100 0110001 1001100
00 01
0 010 011 1000 0010 00111 101011 011100 1100101
1111 1101 00000 001101
0 00 11
1 0 11101 010100 101110 0101100 0100011 0011101 1000111
1 1110 10101 100100 0000010 0100110 1010001
010 000 1010 00000 100001 110000 001010 101110 0101100
10 110 01100 111011 0011010
01000100 00110111 11001000 11111010
01000100 11010000 11101111 10001000
001 1111 100001 110110 0111000
0010011111 1100110111 0110011101 1001010000 1001100001 0110001100
01 001001
1 0 01 10110 11110 00001 011010 1100001 1001010
011 0010 1010
0100 0001 0111 1111 1100
11 010 110 1010 00110 111010 101101 1011001
0001111 1010101 1101100
01 010 10110 110101 0101000
0110001101 0100001111 1011111001 0011110000 0101001000 1011101100 1110011110
011 10011 001110
111110
110 1101 10101 01000 00101 01111 100011 0001111
1 001111 100001 000111
000
001 110 10000 10111 00001 11100 0011001 1000111
1010 11100 101011 100111 1011101
11 1000 0010 1111 11010 01100 01011 000110 0011010 1111001
01 1000
110 101 100 1110 01001 000111 0110011 0101001 1111011
10 101 111 000 10000 00110 01001 00010 100111 0010001
111 0110 0101
0 01 11011 01100
0010111011 0000000110 0000000011 0001011111 1101101011
010 110 0111 0110 10100 111110 001010 100100 0001011
1 011 0100 0000 01010 00000 100110 1110011 1101010
010 111 011
111111000 010101010 001101010
11001100 01111100
0 1100 1111 110110 1100111 1000010
01 00 110 101 1110 010100 011100 001111 100100 010011
00 10100
0 01 0100 1111 00011 11000 011011 111011 000100 100101
001 10000
110 1110 00111 1100010
1001 0100 01010 01101 0111101
011 111100
011 01000 010111
01 111 1000 01001 01000 110001 101000 0001010 0111101 0101010
0 010 0010 0001 11111 01111 110100 100101
0111010 0110100 1011110 0011111 1011001
1101100000 1000001001 0011011010 1010001000 1101011110 0110000111 1001001010
1101111
0110 0000110
100110 000010
1000 0011 00011 000011 011100 0001011
10 0100 0000 11010 10010 10110 101011 010010 1100100
00 001 001110 1000100
00 10000 01101 01011 1100000 0110010
110 101 011 010000 1101111
001 011 1110 1011 00010 00011 100001 101001
0000 1100 00101 111111 1000001 1010001
001 10000 11100 1100110 0100101 1001111
000 00000 10100
1 0 110
10010010 00000000 10010011 01010001 01101110 01010011 10110101
0100 0001 0011 1011
1010101111 1111111100 0110001100 1010111111 0101011001 0000001001
0 1000 1101 010100 101011
0 01 1110 0010 11100 1011110 1111110 1011101
0 1110 00110 001011 1001110
100101 1100110
0 010 101 00110 01101 110100 111110 000110 100010 1101010
0001001 1011010 1100100 0001010 0101111 1011100 0111001
00 10 011000 1100100
11001 01101 10100 11111 00000 00001 11011
1 001 000 1100 01100 10010 11101 1000100
011011 111011 001100 001010 111111
0 111011
100 1011
0100 1110 0000
1 0100 10101 1100001
0000011101 1100110111 0110011110
01001 10001 11110
00110 0101101
01 0001 11110 0100010
00 100001 0001000
010 0011 11010 10001 00011 11111 110110 000011
00 01 101 1001 100001 0111010 1100100
01010 110110 0000011 0110110 1110101
110 100 0010 00000 00001 011000 010010 0011010 0111010 0111100
10 00 001 000 10100 110001 1101101 0110101
0100111 1111010 1000111 1001010 1010101
110 101 0001 00011 111101 0001010 0010011
11 1001 0101 000000 1110011 0011111
01 111 10001 01011 1110010 1101010
00 11 0111011
001 1111 11010 00000 000110 110011 1011000 1110100 1001110 1010000
1110 1111101 1101110
010 110 001 101 111 100
110000 101111 111001
010 110 001 101 011 100 000
10 111101
11001 100000 110101 0001011 0001100
1 11 10 01011 01000 00001 110100 010101 1101010
110 001 101 111 000
10 01010
0 01 0101 10101 0111001
101 1000 1001 0100 0001 0000 01110 111010 0101110
0 100
1 001 0110 10101
010 0000 100111 010000 100011 1001011 1010101
10 101000 1100010
0010 1010 1100 11001 11110 11011 001111 1001001 1010110 0111111
11000 01111 11100
010 001 111 000
000000000 100101010 010011011 110000010
01 111 1011 11001 10111 100010 0010011
0 001001 010011
1 110100
10 101 1110 0000 01001 00100 110100 100011
011 0010111
11 111 100 110011 010111 100100 0111010 0101001 0101000
11 001 0110 00011
1011 1000 0011
10 0111 011000 111110
1 0100 001000
110 111 1001 0000 011011 0101100 0001001 1011000
00011110 01001010 10000100 11011110 01001101 01001110
11000 101110
1001 1111 00110 10111 00011 010100 110000 101000 000111
0111 001001 100011
11 00 0011 0110 11001 100110 1110100
00 011 0011 11010 10011 1010100 1111011
10111 0110100
01 1011 10101 11000 11110 00101 001011 1101001 1010100
1011 10110 0001110
1 00 1000 0011101
1 00 10
010 111001 0111111
11 001111 1010100
0 11 011 10010 101001 0101111 0000110 0100001 1001010
1110011 0110110 0001000 1111110 1100110 0111001
111 0111
0 0000 1100 010101 001000 100010 110101 001101 0000010 1000011
11 001101
00 0011
010
00100 1111011
1001 01101
0110 100110 0101101
11111 01000 11011 01010
001 101 0101 11010 111100 110001 0001001 0100001
1010 1111 01001 00111 101111
11001 00110 10111 00011 11011 01111
01 1111111
00011 0001101
01101 1010110
00 001 1100 0101
000 0100 101011 1001110 0110101 1101000 0110010
100110110 011110000
11 01 1011 01001 11110 1101010
0111 00001 110000 010000 010111
0010 01011 00001 001110 111011 011110 1110010 0000100
1101 10101 1101000 1111010 0101000
011101111 010010001 111100000 110101110 010111111 000111011
001 01000 01111 010010 011111 001111 1100101 0111011
0 0100 1111111
10 001 1101 1010 01000 1000001
1010010 1101101 1010101
00 100 00110 010111 1110010
0111000010 0001010000
11 101 001001
111 100 1110 11111 1101000
100 0010 10101 01010 10010 111101 1111001 0000111 1100011
0110010011 1011110111 0010010100 1100111001 1111011100 0010101010 0010010101
1 00 1100100 0111111
10 00001 00110
10001 110010 010010 001011 101001 1010111
10 011 0011 1000
1001 0100 0111 1010 0011 1011 1111
0100000 0010110 0100001
010 00110 010110 000111
10 00 001 11101 111100 101000 000101 100100 0111001
010 001 110 101 111 011 000
000 1000 0111 10110 111000 000001 000101 001010 1100111 1010101
0010 0101 10001 010010 0001001 1011111
010 1110 1011 1111 11010 010100 000110 100010 0010001
001111000 111101010 011101000 110000101 110000100
0010 1110 00100
11 0000 001000
111 011 1011 00111 00010 00011 00000 00100 1010011
0001 00111 011101 0100000
00001001 11010111 10011100
10001 111100 011111
01 101 0010 0111 0000 1111011
111101011 000101001 100000011 011110100 100101101
011 011001
111 10100 00001 011100 0001100 0110011
00 0001 0011 1011 1111010
00 111 0100 0111 10111 00000 1100111
00 110 1011 0101 10010 11101
0 011 1101 110010
101 0100 11101 100100
0 100 1100
01 011 1111 11101 01010 11000 11011 1001011 1001000 0010111
0 11 1000 11010 01010 01101 100000 000000 1100001
010001 010101 111010 011011 111110 011100
11 0111 10111 11101 011001 100110 001010 100101 1100001
1 0 10 0010 0001110 1001100 0100011
10001011 11110001 11001000
1 00 110 11010 11111 011111 000000 100111 0101101 1010001
010 110 1001 0000 01101 101110 0111011
10 1000 0101 01110 11110 011111 001100 0011110 1111111
11 111 0111 00011 1001110
100 0001 101101
101 00110 1011011 0111010
1 11 01 001011
001 100 0111 0011
111 0111 001001
1 0000 1100 10111
0 10 100 11111 011100
0100 1101 1100 00110 100000 1100000 1000001 1000110
10 10011 0001010 1110101
1100 11011 1100100 0000010
1 001 1001 1100 110110 1001111 1100111
10001001 00110010
01 111 111011
110 101 111 011 000 100
0010100
0 101 100110
101000
11 011 0101 10101 1011100
10000 00110 10100 00011 00100 01110 11100
101 1101 0111 10111 00000 001101 1001100 0011100 1000111
10 0001 1101001 0110101
00001 10110 10111 10101
000011111 111110101 010110001 111010000 100010000 100100101 111001110
101
1 00 1000 10010 010100 101001 111100 1110010 0110000
0010 0111 0110 1101
011 1100
01 010
1 0110 1100 001001
0000011 0000100 1000101 0001111
10101
111 0111 10010 00000
010 1000 01010 00000 110101 001101
01 1001 11101 10000
01 0000 10000 001110 011010
00110 101011 0010111 0111110
01111101 11111001 11100000 00000111 00101011 00001001 10000000
1 011 1011 0001
100 111 000
10110011 01011000 00000111 00100110
101 1001
00 1001 11001 100000 1101011 0101110 0101010
010 100 0110 0000 10111 1010110
10 001 011 11001 00001 110010 100110 0011110
10100010 10110000 10101101 11100001 11000010 00000111
111 01101 11100 101000 001111 1011000 1111010
00 01 1110 1010 110000 1101000
1 000 1011
1 0011 010110 010101 001001 0110101
1 0 00 010 100 0011 10100 0111100 1011110 0101010
010 101 1110 1001110
1101 10011 11100
1000 1111011
01110101 00000000 00111011 10011111 01011011 11000110
11010 10101 01100 00111 00010 11000
01110000 10111101 11000101 01111001
010110
00 1000110
0110 0000 1011 00100 010010 110001 101111 0101100 1000101
10 10101 00100 011010 0101101
00010 010011 0000101
010 001 11110 01110 1001011
1000 01011 11000 111011 011010 0001100
001010100 111010010 011001100 100110001 011111011
0100 0010
1 0 01110 000100 1110101
1 0001001
01 0111 00001 0000001
00111
01001 00010
1100 01111 00111 00001 11101 100111 111101
000 1110 00011 101100 101111 001101 101010
1110 1010
1111 0111100
11 010 000 011011 001011
0111101001 1100101010 0011101000 1000100001 1100100001
1111101
10101 000101
0111 00110
11010
0 101 0001 010011 1101111
000110010 001000011 011001010 101011010 001100011 001011000 000101110
10 1001 0000110
10 101 11000
11 101
011011 001010 100010 101100
110000
010 10010 00010 100001
010 0111 0110 101100 1111000 0000010 1110000 1100101
00 111 011 11001 10100 00001 10011
001 101 0101 0000011
01 111 000 1111 000000
00000 10110 01010
110011100 101001110 001111100 011000100 111000000 101101011
1000 0100 0001 1101 0011 0110 0101
010 001 1100 01100 001110
100 0010 0001 110010 110101 0110101 1101000 1001101
0100 0011 0101 01011 0111110
10 01 11110 01110 100001 010010 100110 001111 001010
1 11 10010 10111 01110 000110 0100010
10 0000 11101 10011 100010 100100 0010001 1101010 0101100 1110001
101011 101001
00100 01010
010 110 0111 1010 01110 100100
010100 101011 111011 110011 100111
1001111011 1001000110 0011001110
11 001 010011
0 10 101 01001
010 110 001 101 111 000
00010 0100010
010 1101 0000 10101 0000110
0110 1100 11010 10110 0000111
10 110 001 0001 1111 001111 110011 011110 0001011
11 011 100 0100 10100 1011011 0010000 0001000 0110111
10
10 00 0110 10110 11000 100001 0011001 1001010 1010101
00001 00100 11011 00011
01011 110110 101011 1011011
0 0010 0101 11101 1001101
01 010 11110 000010 000001 001101 0110100
10 00 111 110001 0001000
11 01 001 10111 1011011 1000011
1 1011 0100 11000
111 000 0010 1010 0110 10111 010100 0011010 1100110 0101111
000 101 110011
101001000 000111001 100001111 101010011 111010000 000100010 111111000
00 100 0000 1100 11001 10111 011010 1110110 0001000 1000101
0 010 000 0010 11101 001101
110 0000 1000 11101
1100000 0101010
0 01 001 1010 0011 01111 10011 010110 011100 1110101
10 000 00111
11 010 101 000 1001 0010 0110110 0001100
100 000011
001 000 10101 01101 11011 01111 1110010 1011011 1110111 0001100
01 0100110
0 110 101 0100 0010 01100 11101 000001 111111 0111001
001001 011100
10 10111
01 001110
101 1101
111 0000
110 101011 0001001 1110101 0010111
1100101111 1010101110 1100010111 1110010110 0011000011 1111100001 1111101001
10001010 10100100 00101010 11001101 01111110
011000
11 110 001 00010 110001 110101 110110 0000111 1001010
1110011 0110000
10001010 00010000 10011101 00101101 11011111 01011011
0100100110 1110100100 1100011001 0000010001 0000010000 1111011100 1011011011
0 10 1100 01010 0100100
00 111 000 1011 11010 10111 01000 111110 0011001 1110101
10 010 111 00010 01110 1101101 1010100 1100110
11 0011010
110 011000 1100000 1101100 1010101
001 110 111 011 100 000
0 11 10 00 100 100111 101110 0110110 1111010 1000010
10 010010 011101 1110001 0110010
0 11 01 0111 1011 001110 1001010 1000010
110 101 111 000 100
0 011 1000 00000 101001 1111010
10 1111 00100
10 101 0111 0001
11 01 1110 0000 11010 10100 000000 001001 000010
10 110 011 000 11000 11101 010000 1110110 0110110 1101000
111110001 011001100 001111100 011011001 100001000 110001110
10 00111
011011000 100001100 000100101 100001110 011010101 001011101 010001111
11 01 1011100
10100 000101
0101111 0111100 1100001 0000000
01 010011 1010110
101 000010
1001 0100 0011 0110 0000 1111 0101
00000100 00001011 01100010 11001101
00 110 011 11000
0001 1001 1000100
101 111 1110 01001 00011 001101 1100000 0001111
10 011110 010111
0010001 0001110 0100010 1100001 1111110 0100011 1000111
10 11001 001110
0001 1100 00111 00101 001110 000001
00111 011111 000001
01 1111
010 00100 001110 1100111
0001 1101 0110 11100 1001001 0111000
000110 001010 000011
00 001 111 100 0100 0111 00010 110000 101111 1100101
0 001 011 1001 0100111 1011001 1010000
110 101
00 10011 111111 0101101 1001000
00 1101110
010 1010 01000
10 000 001100 101110
1100 10111
000 1101 0110 100001 1011000
011 1110 00100 101011 001101 0000001
10111 00011 11111 01000 00101
110 100 0000 1111 011111 011010 101010
001 011 101
1 11 000 0100 00010 00100
1010111100 0101011101 0100110010 1011101010
010 0011 0001010
01 111 100 0101 0010 1011 11110
100 10010 000110 0111111
110000 000001
000010000 011101011 011011111 001110011 010100010
100110101 110111000
00000 1101110
001 000 0101 10001 10000 00110 11101 01110 1011111 1101111
010 110 001 111 100 000
01 11000 111011 0011111
11 1010 010010
0000000 1011010 1110100 0111101 1101100 0010010
0 00 1111
10 000 0100 000111 101111
0100 0001
1 10 0000
1 0 11 00 0110
010 111 1000 0111 1010 000111 1011011 1111000
111
011 1101 000110 0000100 1111011
110 001 100 1111 01101 00011 0000100
0 011 100 1000 1001 11110 11011 0101000
1 010 111000 0010100
00 101 0011 011010 0000010 0101000
1110011 0000100 1110110 0011001 0111000
110 001 101 111 000 100
1111 11010 01100 10111 11110 111001 001001 1101011 0101001 1101100
010100 101101 010111 011101
1010010 0001110 0000011 0000110 0010010 0101000 1001010
10000 100101 1100010
0110100 0010101 1110001 1010101
0010011000 0001010101 1000110011 1101111001 1000101101 0000000101 1001111100
00000 101101 001000
110 11100
11010 10001 00111 00100 00101 01111
010 0110 0000101 1111010 0010010
11 00 010 01000 100010 0110011
00010 00110 10100
10 0010 01100 11101 000000 0101111
1 0101 1100 00001 01110 01111
1 00 0000 00110 01011 11111 01110 010011
0 01
0011011 1010001
0 101 11110 110011 100111 1001100
11001 10001 00110 01000 01110
11000 110111
10000 01010 10100 01011 00011 01000 01110
0 0100 1101 1111 0101 11000 10011 1011011
0 01 001 000 11101
1 1110 1010 01010 00110 00011 10011 111011 0100110
1 0001 0101
1011101101 1111101001
011 1001 0100 01011 10110 001111 1100011 1001010
010 111 00011 00000 101100 001100 100100 0111001
0 001 1000111
1 10 00010
0 101 1001 00010
0001 111001 001011 101001 1001101 1111110 1000011 1100101
011 1001 01100 11110
10000101 01011100
11 110 1101 00111 00100 01110 101100 0000100 1100011 1001010
011 1110100 1001010
010 110 101 100 000
0 110000 1010111
1111 0001 1100
00 1110 1001 1101011 1010101
1001 11001 11000 00100 01111 111011 000001 101010 0001100 0011011
0111 101110
10 001 1110 1101 0000100
0101 001011
1 1000 0001 0111 0000 1000100
010 001 1001 11000
1101100101 0000011010 1011010100
1100010
010 0010 1010 00110 00010 111100 1010000
0 11 10001 10111
1011 000110
111 100 00101
00 010 11111 111100 110001 1010110 0110110
00 11101 011110
000 1110 1101 1010 0110 1100 10000
001 1010 01011 110111 0110011
10010
0111010 0100101 1110001 1001111 1100101
100 0101 10111 100010 001001
0101 11001 01101 0000011
1 010 000011
01010 1001111
11 1011 0000 1100001
11100011 01010011 00001010 10101010 10010110
0000000 0111101 1111010 0111000 0011100 1000100 0011110
00 11100 101110 1011010 0001011 0111100 1000000 0110011 0101010
00 011 0100011 1101111
110101000 101101100 000101000 000010100 110001101 101100110 111110000
001110100 000011101 010101000 110100010
00 01 010 1110 11111
00 01 1000 0110 1011 1111 10100 111000 000000 0000011
010 001 0111 1111 0100111 1000010
110 011010 011110 1110110 0110110 0001100 1000010
0000 0001 1001 1011
110 01111 110001 1000001
0 10 00 1111 10001 101000 010111 0000000 1000000
0 0110 10010 0101100 1111111
01 111 000 0110 1011 10000 11100 100001 100100
1101 0001 1010 1111 00111 10111 111010 1100100 1000110
0111110100 1111100011
011 000 1001 0100000 0111010 0011000
110 01111
110 101 01001
00 0001 10100 1001101
00110010 00001000
1100 10011
0100 0010 1101 1011 1111 1100 0101
11000 001110 1010001
00 110 0111 010101 000111 0011001 1110000
110101010 001111101 000101101 011010111 011010001 001110000
0 111 1010 10111 10011 1100110
1 1010 10010 11101 01111 0010000 0111011 0000001
10 00011
010 001 0000 1100 11010 10001
1 011 101 001111
10 111
101111
001 011 1011 101101 1011110 1001111
110
11 00 011 1100 00111 111011 001011 1111010 1000111
10 0000000
1001
10 101000 0010001 0100010
010 011000
00000 110001
0100 1010
0 110100 101110
10110 000001 110001 0101001
00 00000
1000 1110
001 000 101
010001001 100011011 000101101 100101001 111000000 101011001 010000010
1 101 0010 110001 1101101
1110 1001 0010 1101 0000 1111 1100
1111011 0100010 0000000
0011 1011 010100 111100 100010 1001110 0110011
0001010
111 1010 0010011
1110 1101
1 0010010
01 110 111 0001
01101111 00111010
1 0 10 000000 1110011 0101101 1101001
00000000 11011100 10011111 00000101 01111111
1011 0100001
01000111 00101110 11011101 11010000 10111011
0010 1101001
00 010 0001 110101 1001101
11 01 1000 100000 011011
0010 0101100 1100100 1110010
11 011 1011000 0001111
00 1000 1101 1111 01011 0111101 1011101 1011001
0 101
11001 10000 01010 10010 00010 10111 00001
11 0111 1010 0001110
010 01011
0 111 000 00101 010100 1010111
0011010 0000010 0001100 1111110 1111010
010 001 000 100
10 11 100 000 010101 001100
00 0001 1101 1100 111100 0011010
1 01 110 101 0111 0000 00010 111100 000000 0100011
011 11001 1100100 1010100 0111011
0 10101
11000 0011011
0 00 001 111 1011 01010 01011 101101 1110011 1101000
1 10 0011010 0100111
0001 0110 001101 0111010
010 001 100111
110010 010101 011000 111101 101101 001111 101110
0 11000 0110100
0001001 1010010
00 1110010
00 011 011000 101010 1011000
010001 011011 0110101
0100 0000 00011
10 1110 0000 1111 00101 011000 101101 1000010
10 010 100 000100 001011 111101 1011110 0111000 0100110
101 111 000 100 00011 11011 110101 001101
11001 11010 11101 01110
00101
1 00 011 10111 11111 000110 011110 001010 0010110 0110010
101 0100 1101 01010
01 00000 00001 011000 111100 011111 0011001 0101011
101101
11
000 1010 10111 00101 1000100
01 010 0111 0001000
00111 01111 0010101
1 0110 0011101
1101 0111 001010 0000000 0000111
11010100 11100101
0 11100
101 110100
001 111 000 001111 100100 1011110
010111 111010 011001
1 00 1001110
01 1110 10101 01011 100110
0 1110 01001 100100 0001100 1101100
1 0
1111001
110 011 1001 01101
100 0010 0110 1011 00111 110100 111110 011010 010011 0101011
00 11 011001
10110 1010111
001 0010 0111 1011 11001 00000 00101 110100 100111
010 110 1000 011111 000100 0101001 1111110
1 00 1110
001 110 111 011 000 100
0 00111
010 011 0000 1011 10100 001100 001101 1100110 0000110
11 10100 01011 00101 11100 101000 000011
1 0 1010 0000 0101 01110 101110 1101000 0011000
10111111 11111011 00000111 00010101
010 001 111 110
10 11 01 001 101 0111 110000 100011
1 0101 00011
11 011 110111 011001 001001
1000 0111 0011 1001
00 10 1010000
1 000 0111 0110 1111 11011 11100 000110 101111 0000111
1 111 000 0011 0110 10001 110000 010000 110101
001001
001011 1100001
0 01100 10010 101100 1100100
00111 001011 001010
1111011111 1101001000 1100111010 0011001000 0111010000 1110111011
0 011 1011 01011 010011
000100 110100 001110
01 1000 0111 0011 100011
010 001 110 000 100
11 101 10011
1000001000 1000101000 1110000000 1001110000
011100000 000100110 110001001 010010001
101 01111 101000
101 1110 0111 1010 01100 01000 0101000
010 110 001 101 111 011 000
00010
01 100 111100
00 001 110111 000110 1011101
1001111001 0000000011
1000
000 11000 01110 010010
1 1001001
00111 10011
0 11 100 1100
010111
10 1101 0101
00111 00010 111000
0 11 0001 101110
0 010010 1100100 1101110 1000111
101 111 0000 10001 01011 11000 1101101
010111011 000101011 100100111 101101001 110110000 000110111
001 111 1000 0100 0111 1111 11001 10101 10010 0110001
000 100 0100 1111 00111 0001011 1100001 0101001 1101100 1011001
1110 0010001 1010101
0 10
10000011 10110000 01001001 01000100 11110111 00111101
11011 00101 01110 10100
1001 101111 0001011 1110101 0101111 1011100
0 10 01110
0001 10010 00110 001010
010 10010
101 10100
0011 0110 10110 11111 101110 0011010 0001010
11 011 000
001 1011 01010 00011 000111 0101001
01 11011 10101
10 1111 010101 000101 0011011 1011001
010101 011111 101100 101000 000111 110011 000101
1100
1111 11010 001001
101 1101 11000 11010
010 110 001 111 011
010110001 011110101
001 10100 1010111 0110001
11001 00110 10111 11111 00101 01111
00111011 01001001 01001011 11100101 01010111 11101111
01 11 00100 1100110
010101 101100 001001 000010 000101 011100
1111 1001
00 1001 110001 111100 001111 1110100
00011111 11010011 01101011
0010 1110 1100 111101
0 10 10010 111011 1111100 0111001
001 0000 111000 0101101
1000000
10 010 001 101 011 0000 1011 111010
1000 1110 0111 1010 0011 1011 0101
1 011 00011 110000 101110 0011010 0111011
11010 01001 00111 00011 11011 10011 01110
0 000100 0110000
110001001 110010101 010110111 000100011 010110000
0100100 1100100 1010100 1110001 1000111 1111111
00101 10100
0101100 0101101 1001101 0011101 0011100 0011011
000 001110
00 000 111 1011010
0110110 1101100
00100 00011 1000100
00 101 1011 11010 01010 000000 100110 0111011
0 11 011 000 1101 10110 100110 000011 001111 0010000
110 0000 10001 01111 100000 000101 000010 1110011 1111010 0110111
11 010 0010 1101 1111 00010 00100 100110 011100
0101111 0010001
1 11 00 001110 0100101
010 110
11 110 10111 10011 000001 111000 0100000 1011000
10010001 01111100
11 1000
1010 10011 100001 1001001
001000 000000
01101110 11110010 10001100 00010100 11000100
11 101 111 01000 111101 1000000
0 11 100 00001 10011 110000
11 001 11001 10101 10111 010010 100111 101001 1101101 1100010
00000011 01110010 01011000 01101110
00 101 1000 0100 1011110 1101100 1110001
11 010111
10 011 11011
0010 1010 00111 1001011
000 1010 0110 1011 001101 1111000
11 101 0001 11010 01011 00111 011111 0010001 1101011
1 0 11010 01010
010 110 101 0100 0010 001110 100011
00 00100 100011 101010 1101001 1100000
1 0 10 11 1111 100111
10100111 10011001
010 000000 000010 1110010 1000000 0011000
0011 100001
1 10010 01111 110000 0011100 1010101 0111001
101 100 1110 0111 01001 110110 0011001 0110010
011 0001 0011 1111 01111 1001001 1001110 1100100 0100010
0 01 010 111 10000 10010 01011 101000 0000100 1000101
1110100011 0001110111 1111110010 0001001010
110101 0011010
001 0010 01110 0011010 1111111
110 101 0111
0010 110100 111110 0110101
1111 101101
010100
00 010
0100 11011
010 011 1100 00100
01000
01 11101 100110 010011
1 11 00 001 1011 11001 10101 011000 010011 1000000
011 00011
11 01 011001 000111 000101
1010 10001 101110 0101010 0111011
11111 111010 000100 1110110 0110110
010101 110100 100110 001100 100111 101010
10001 000010 0001010 1001000 1100110
1010010 0100100 0110100 0110010 0110000
10 110 000
01 0000 111001 011100 100101 0001110 1110000 0011101
0111 0011 0101
101000 0011011 1111000
01 1010 001110
0100 0010 1111 0101
0011010 1011101
0 111
0010110 1111100
11 11110 1000110 0110100
10 110 01100 01000
00011 1000101
1 001 01100 11110 01111 111010 001000 0111101 0110111 1001011
10 001 1111
1 00 1010 1100 10001 10111 0000010 0101001
110 0100 1111 0100011
0 0011 10101 010111
11 10 01 001 1011 1111110
01111010 01001010 00100100 00011110
0 11 00100 110010
0 01011 001100 1011011
00 1110 0000 0101 10110 11000 11011 111010 100110
00 011 01010 10011 1101101 0011001 1111011 0001111
1101 00110 00010 00000 001110 011000 0111101 1101111 0100101 1111111
10 000 10010 00011 001000 111000 1111111
001 1000100
111 11100
110 11111 10001 1101101
101000 001100 111111
11001 00000 11101 00001
10 01 111010 100010 100011
110 111 000
00 0001 01011 111000 0111111
011 0100 0001 0101 10101 10010 0010001 0001111
10100 01111 000001 011100 1011010
0 110 001 011 0011 10010 00010 010100
0100 00000 00010
011111
00 1000 0111 110111 100110 0101101 0110110 0110011
1110 1100 01111
0110011
0110 01011 110010
100111
11 0011 10101
010 110 101 1000 0110 11001 00110 110000
001 1110 1001 10110 11000 0011100
0111 10000 1110100 1100001
0010 0101
1 10110 01100 0100000
000 10011
00 0010 0110
10 0000 11110 10011 111110
0 10010
11001 01011 11000 000100 000001
0010110 1010110 0111011 0100110
010 100 0110 0101 01001 011110 1101101 0110100 1111010
1 010 10001 10100 11110
011 01100 0000111
1 00001 0101110
1110
010 1000
110 111 011 100
0 10 010 0001 0011 1111
01001 001101 001100
10 010111 101001 1101101
1011010 0100111 1100100 1101000 1111110 1101111 1000000
0100100 0000010 0100011 0000111 1000110 1010101
0 100001
0110 000010 000011 0101100
00 10 011101 0011101
101101 101001 011011
00 110 1001 0101 011111 100010 0001110 0000011
111001 1111010
1 0 01 011 100 1111 11001 110100 100011 1110100
10 0111 001101 001000
11 111 1010 0000 110110 1101111
1000 1010
0 00 1011 111100 1100001 1101110
00000 10101 0001011
11 100001 001000 011111 000111 0011110
111 000 11000 0010001 1111101
10 101 0100 01001 11110 110001 000100 0111001
1011
0101111000 1101110111
10 011 000 1000 01110 111111 000011 111101 1111000
01 11101 00100 001100 000111 1010010 1001110 1100001 0111000 0000110
010 10110 00001 010001 110011 1010010 0010110 1011100 0010100
001 10100
1100101
01 100 1100
01 010 100 1001 11010 00101 000001 1111110 1011100
00 10111
0010
110 100 11100 1000101
0 110
00 110 1000 0110 01111 010001 101110
111100 110111 001010 110100
100001 1001110
1000 00011 110000 101001 0101001
010 000 101 00010
0 01 0000 10011 100000 001100 100100 1101101 0001110 1010111
1101 0110 1111 010111 1010000
110101 100001 000001
00000 10101
10010 00011 00101 10011 11100
01 1010 1111 11011 00011 01110 1111000 1101000 1000000 1000010
1 001
1 0 10 010 1110 0101 11101 1110110 1001111 0011000
001 01111 010001 1110011 1100000
111 000011
000100 101101 000011 000000
0100100101 0011100100 1011001001 1100101001 1001101000 1011110111
11 100 11001 01101 10110 011000 101000 101111 101010
1000100
01 110 1010 10001 011110
0 00001 111010 1010100
111 1000 1110 0111 0011 100011 100111 0100111
110100
101 1110 0011 0110 01010 01111 1011011 1000011 0000001
00 100011
001000 011001 011110 001011 010111
111 011 0010 001101 101010 1111101
1 0011 1111000
010 001 110 011 100 000
1 1110101
10 1100 11110 01111 001110 000010 110011 101010
1011111 1110110
0010 00101 01111 010101 111110 0011100
10001 00111 11101 01110 0001110 1010100 1111110
1 11 1011 000101 0001010 0011110
11 1110
1101 11101 000001
1 0111 111010
010 111 100
000 100 0100 10110 010101 0010111
0101101 0011011 0010100
1 111 0000 1100 11000 11011 101110 0110101 1010000
010001
01 111 101010 0001110
1000 00011
01 10100 011001
110100 000111 0010001 1110110 1110100 0111001
111 011
0101 1001001
010 110 100110 111101 0111010
100 10100
0 01 0101 11010 001110 000110 101010
101 011010
0110 01010 10111 00100 11100 011111 1111001 0101111
01 101 1001 01000 11100 0001111
110 100 00010 101100 111001
10010010 00101110
0010 0111 0011 0000 1100 0101
001101101 001000001 111100101 110111010 110010010 110101100 111101100
10010010 01101100
01 001 10001 11011 110111
000 1111 00010 1101001
100011110 000011101 011001101 101110010 110001000 010111101
10 01 011 1111011
010 100 00111 011100
1 11110 0100001
00 10 1101001
10 100 10001
010 101 1110 0001 1111 11011 01110 110111 110100 110001
11 0010
101 1010 01000
1101101 0101001 0001100 0011101 0110111 1100101 1000101
0 110 11100 111010
01 110 101 100 000001 001101 100100 1110110 0011101
001 0011 11001 011011 0111101 0101110 1010001
0110001
1110 0010 10001 01001 00011 1111000 0011001
110 0110 0000 010100 010110 011111 1001110 0110101 1111110
1 1011 1110010 1000010
00 10 011
0 1001 111101 1110010
00 11 10 0011100
10010 01011 10110 00011 01111
00 10
100 000 0100 0000 11010 11101 111010 111000 010011 0110011
100 101 10001
11 010 101 0110111
0 111 1001 00111 10111 111111 0011011
1111000
0100 10111 01000 000001 1010011 0101011
01001 01011 01100 01101
11011011 01011010
010 101 0001 00011 1100100
10 01100 101000 011010
00111 11000 110100 011000 0011001 1011111 1101100 0100110 0000001
100 000 011 10010 000010 000101 001101 1101010
110 101110 0000100
1000 10101 1101110
011 001001
1011 0000 1101
100 001011
0110
001 101 111 011 100
001011 001101
100 1010 00001 010101 0101100 1111101
00 101100 0011011
10 11 00100 01010
01 101 1000 101011 111110 001001 001100 000001 1110110 0111101
1001 001101
10 01 0001 0111 01010 00001 010000 0001101 1111010
1010 0000 10000 01101 01001 11011 10011 101011 1011000 1001010
011 00001 10010 000101 1011110 0011000
1110 0010 0111 0011 0110 1111
10 001 0100 11001 000001
0110110
00 000100
110 011111
0 110 1101 010110 0010111
111 0010 1010 10101 01001 00000 0010101
00011 000011 1101100
0110 1101 0101001 1110000
100 101
1 01 1110 0100 0010 1100 01111 100000 000011 0011101
1 00 010 001010 1010101
110 11000 00101 100001 000100 110011 001101 0101100 1111010
10 01 0011
1 11 010000 0011110
001 000101
1 1110010 1000110
110 000 0100 00110 111011 101001 0101110
01001 10110 1010111 0111010
1 100 0110 0000 0101 01100 00100 0000111
0100111
01 0101000
11 001010 101111 1111000
011 1101 0111111
00 110 1001 0101 00000 1101000
000 100 0110 000111 1010110 1011010
0 1100
10 01 010 0011 01010 01101
101 100 00001 11101 001111 111111 0001110
010 11001 001000 001011 1001010
0 00110 10111 01111 0101100
1 01001 11110 0000010 1010001
1101101
0001
0001 0111 010110 111100 0110011 0101010 1010001
01 0010 11010 100010 111111 0011000
1 0010 000100
0 010 1101 110111 111100 100011 0000011 1111010 0011110 0000001
01 11110 011111 0101100
00 1110 1100 10000 01001 101001 0100111 1001011
010 001 101 111 100
00 0110 1111 10001 01101 01111 101010 1110100 1001110
01 1001 010001
00101111 01101001 00110011 01000110 01110001 10011010
1 0011
00 1001 01111 100111 0100000 1010010
1111100
11101101 01000111 00100111 01000110 01110001 01110110
10 001 0000 01101 010010
101 1001 01001 1100010 0110010
1110 01110 000000 0010110
01 010011 0011100
0 001 011 111010 110000 1101111 1100010
0 10 101 111 011 1101 11000 11110 000001 0111110
100 1011 110101 010000
0010 1100 0100100 1001011
111 100
010 0000 0011 0101 10000 10111 010110 000010 0111100 1100101
1001 1101 0111 0011 0000 1100
1001 1100 01011 00010 00000 1001111 1111110 0010110 1000001
011 10010 11010 101111
0100 0001 0110 1011
0100 1010 0110
1111
0110101
01 0110001
10 001 101 00100 1000101
1111010 0111111 0111110 0001100
00111 0001100
0011001 0000011 1110000 0000101 1011100 1000110 0010100
01 0010 1010 001001 1011100
00 01110 110100 101101 1011111 1100101
11 001 1000 01101 000000 101010
001 011111 0001011
10000 00110 11000 11110 11101
001 101 1100 10000 01011 01110
1 100 000 101000 1010011
0100 1111 11001
000 0001 01111 100111 1010101
000 110011
0001001
011 01000 0000011
011 01000
111 0100 1100 10000 10101 10010
10 001 101 011 0001 1111 00110 111010 001000 1010111
11 1110 0000 01100 110110 011010 0110100 0000001
0000111011 1001110101 0000011001 0001101100 0101110101 0010010101
110 011 1000 0011 10011 000000 001011 100110
00 110 111 100 0011 0101 11000 0111100 0110110 1000011
0 11 001011 0000100 0100100 0101011 1111101
10 1111 11011
0101100 1101101 0000111
1 11110 0101001
0 1001 101000
010110 110101 001100 011010 000001 100111 010011
1 0 001 100 0100 011101 000111 1011010 0111100 0101110
0 01000
00 1011 111101 0100111 0100011
000011 1101001
010101 101000 100110 001101 101001
1 010 110110 000011 001101 1100111 1011111 1000100 0100110
11 1000 101110 1110000 0101000
000 111000 1111101
1 00110 011011
00 0111 1100 00001 11011 100100 0100100 1111100 0010000 0111011
001110 110101 001100 000001 101111
10 11 1001110 1001000 1110000 0111001
01 100 1110 0011 10110 0110000
10 00 01 1111 11010 10001 00110 01111 000100
100 1011 01111
11011 0101101 0111111 1000001
1011001
01011 10111 11111 11110 00001 11100
0101100 1000110 1101111 1000111
11 011 0001 010110 0110000
0 101 011 1011 011101 1100110 1000110
0 01100 01101 010101 111011
11 00001 11101
01 0100111
111011 000000 000011 011100 100101
11011 00011 10001 10100
0 10011 0100001
101100111 110001001
1010010 1010001
001 111 100
10110 10111 00000 00001 00101 01110
10111 00011
1 1110 011000 100111 101010 0011011
1100111000 0001000100 0000011111
1010
1 0000 0011101
110 1001 01100 11111 11110 00101 1010000
11 001000 1110100 1111101
11000 0110101
0000 1100101 1000010
1 111000 110000 1110111
1000 0100 0010 1010 10011 110100 000001 000111 1100000 1001000
0 100 0011 00101 01110 110111 0101011 1111010
0 001 011 1010 11001 11011
11 101 11111
1011100110 1110000011 0110001100
1 111 1100
00 000 0001 01000 001000 0011010
010 001 0010 0011 10111 00001 000001 011100 1101010 1110100
0111 11100 1111001
110001 0100010
110 000 0001 11110 100001 111011 001011 1011000 0001100
1 011
11 000 01100 01011 11000 00000 000110 0101111
010 111 000
0 1001110
0111
00011110 10000110 01000111 11100111 01101001 01000000 00001001
0011101110 0001100010 1111010001 0111101111 0011001111
1100 10001 01001 00010 00101 001100 000010 1011110 1001000
11 01001 10100
101011 011011 001000 101100 001011 000011 001010
0101110
00 110 1100 10010 100000 011101
01 1011 00110 001000 011010 1011111 0010110
110010010 100011011 111001101
11 1010011
0010 01110 010010 010001
000101 001110
110 101 0001 1011 10101 01001 1111101
010 00001 00011 011000 011100 0010111
0000 10101 00110 010010 100100 1111001 1100100 0101001 0101000 1001010
10000 000110
010 101 0011 00110 11100 0000000 1011000 0000101
10 1101 000000 1011001
111 1010011 0000000
00111 01000 11010 01010
01 101 100 1110 0001 110111 000001 011010
11111 11100 10011 10100
0 0001 0111 0001011 0101010
101 111 1010 00010 110110 000011 001101 100111
10 1011 1100 0100000 0100001
0 01 1001110 0110001
111 011 01100 1100011
001 11010 10101 11111 01111 100000 110000 101101
100 1010 1111 0101 10000 01100 11000
11 0001 010110 101110 0110110
01110110 11100101 11011111 00010110
11 000 10000 011111 1101110 0010011 0100110
01 1001 1101 11001 11000 11110 00101 01111 1010011
01010 011001
1110 1001 0011 0110 1011 0101
110 100 10110 00100 011111 011110 100100
1 000 101
1010 1101
01 010 100 10011 001101
11 110 0000 01010 1100100
001101 100101
10 0011100 1001011 1110110
01 1101 1100 10010 11111
0 11 00 11010 10101 11000
0 10000
010100 110100 011111 101000 100100 111101
1 00
1 0110 1111 00110 10110 00001 01111 100111
0001 01100 11000 111011 001001 1000001 1010001
010 001 110 111 011 100
10001 01010
0001 0111 0110 1111 1100
011000001 100111100 010101111 011001000 111111011 010111101
11 1000 0100 0001 11100 0111111 1101111 0101110
010 001 011 110
0010 100011
11 10001 101010 101001
0 10 010 00110 001100
1 00 1010 00101 011001 0010001 0101101 1110001
000 10001 01101
00 10011 100010 1101011 1100001 0110001
1 111100
100011 101010 0100000
001 110 011 000 100
1110 100100
010 1111
00 100 1011 01111 1111001 1011010 0111001
01000 000110 1001100
011111 010000 000000 100011 110011 101010
0 100100 110011
10 11 001 0101 000001 1011101
10 000 1010 1101
10 011 000 00000
11010 10000 10010 00111 00010 01111 01110
1 00 1110 0101 10101 0111100 0011111 0100001
0010 00111
0 00 100 1010 0111100 0101001
001 011 1010 10100 01110 1000001
0011100
1110010101 0101111111
010101
1001 0110 1011 01111 111110 1101011 1010111 1010101
01 010 1101 1100 00011 1111001 0011001 1000001
10 01 100
10100 01001 10111 11111 01111 01110 11100
01 110 0011 1100
00 0100 1010 0110 01101 0010110 1111111
11 10 101000 0010001
00 001 10110 100110
101 00000 101000
010 0010 0011 111001 111111 1100001 1001100
0 01 110 11101 10011 111001 1010111
00011100 00110111 10101000 00010111 10100101 01111111
0110 101110
0 010000 001001 0111111 1100011
0000010
000 1011 01111 10011 001110 010011
011 0111010
010 1010 00011 110001 110000 1101010
0 1101 1010 110001 100011 0101100
011 111100 0101000
1000 1110 0001 11010 00110 00000 1100100 0110110 0000001
010 1101 0111 1010 111001 0110110 1100000 0000101
110 1001 0111 1011 10011
01 1111 11000 010000 101111 0110000
10 00 1001 1101 0001 0000 01000 0110100
001 01100
001 100 000 00110 11110 1010010 1000100
00 00110 10110 100010 100111 0110100
011100 001111 101010
110111 110100 000110 000001 000011
0111 0001 0110101 1010001
0100 0010 0111 0011 1011 1111
010 001 101 111 000
001011010 110010011 110101011
00 011 1100001
0010 11010 10010 01000 11011
011 10100
0110110011 0010111110 0111101111
10 011 1000 010100 111010 000100 001010 1011011 1101011 0101110
11 001 00110 00101 1100001 0001000 1010001
11 1010 01100 110011 1110000
1 001 1010 110100 0101101 0100010
10 01111 111010 0111110
1 1110 0001 0101110
101 0010 0101 10000 10011 0111001 0111100 0100011 0011100
010 001 111 100 000 01110 011001 111100 100110
00100 10100
10001101 11111111
001000101 001011101 001101010 110101011 011110010
0111010010 1101100001 1110111110 0010100001 1011011000 0111100011
010 1001 1101 0011 01101 00010 11101 1100101 0011111 1010111
00 011100 1011011
10110
101 0111 0110 00010 001110 000100 0101111
0 011 1010 0000 1011 1100 111100 000100 001111 0010110
01 011
11111 00101 00110 11110
111 000
01 111 100 001111
010 1110 0000 11001 10101 111110 1000000 0011111 1111011 1010001
1 01 111 0001 1011 10000
11 111 100 0011 001011 1010000
11 100 000 0100 1011 11101 110110
101 111 100 0011 010001 011001 010010 100010 111000 0010010
1001100 1010001
000 0000 1000
0011 100101
01 1000 00000 110001 010111
01111101 01100111 11111001 11001000 11001100
010 1110 01100 00110 100000 110001 111011 001100 0111100
11 11000 00010
0011110 0111000 0111001
100110010 010000111 000000101
1000 1110 0100 0001 1010 0011 0110
100 1000001
1001 001110 000101 011111 011010 1100101
000 0000 1000 0100110
10 11 11000 111000
0101 00111
1011000010 0111011101
1 00100 00101 000111 101110 0010110 0000110
0010001 1101011 1011010 1001011 1100000 0011100 1000100
01 0011 011010 001010 0000000
01 000 110001 110000 110101
11 010 100 1110 1101 0001000
10 01 100 10111 0101101
0 000 1000 0010110
010 110 100 10000 00110 001101
1110 1001 0100 0010 0101
1111000 1011000 1101001 1110101 1010111 0001111 0011110
110 001 10100 010101 001010
10 000 00111 0101001
1 0 0011
01 001 0010 011000 010000 001111 0111010 0100110
010 0111
111111100 001101001 101101111
001 0000 01001 010100 111100 000111 101001 0011010 0100001
1 01 0011011
0 001110
11011
1 10 00000 011001 110110 0010010
01 001 1101 1011 11001 01101 01011 100001 010101
01101 10010 001000 1110010 1110011 1010101
1110 0100 1010 00001 101100 111111 0011110
0010 01011
1001 0001 1010 101011 0011110
0000011 0011000 0001110 1110011
110 0010101 0010111 0011000 0000001
0001000000 1100110000 1010100111 1100011101 1100011110 0100100000 0101101001
1 00 10000 01100 011100 010011 0100000 1100010 0111011
10 00 011 000 0111 11110 110101 1100001 1101111
100110 101100
001 101 111 0001 111110 100101
0111 1010 00100 1011101
0 1110 0100 00110 001000 1101011 0110110 0000101 1001100
0 1000 1110101
00 1100 00010 11101 101101 001010
1001100010 0111100000 1111011111 1011110100
01100
0 11 0111 00110 10010 11011 111000
1 11011 011001 101001 0001001 1000011
110 111 1001 0010 001011 101110
1 1110 1011 10001 11101 01011 00100 11011 000001 1001001
1 10 00 1100 00100
1 00 1000 1100 100001 111100 001111 0111111 0101101 1011001
1100111 0101000 1001001
1000111000 1000000111 0111111001 1101010100 1001010111
0011 110001 1100101 1001111
1111010
0 0111 00110
11001001 00110100 10010111 00110011 00000011 01111100 01011011
110 101 111 011 100
11 001 0010 0101 110000 0110001
1 01 1100 001100 111000 001101 1110010 0001010 0011101
100110010 001101010 000101011 111101100
00 10101 1111000
10 0011111 1000001
10 110 1110 0000011 0100001 1111111
0 10100 000000 011100 101010 1111000 0000011 1000111
0000 010100
0 0110 1100111
1 000011 110011
0000
1011001100 0111101100 1111010010 0001101001
1010000 0111000
0 001 1001 1010 0101 110100 1101001
0001101 0111100 1001101 0100011 0110011 1011001
1 101 10001 01001 010000 000011
11 111 011 1100 10010 111101 101111 010011 0001100 1001011
1 0000101
00 1110000
0010001 0010101 0011011 0001111
10 01 0011 1111 10000 11000 000110 1101111
1111 0110 0100100
1 00100
1011 1111 1010
1101
0
101110111 100110100 111010000 010000110 001001001 110101000 111110111
10 11110 001101 100110
11001
1 11 0101 01010 001110 0010001 1100100 1000101
0 111 01100
10010001 01101101 01000011 11111010 10110110 10101011
11 00001
100 1100 1011010
000101 010101
101 0010 1010 01001 110111 0010111
00 0101010 0111011
1101010 0100011 0111110 0010011 0100110
00010 0001010
001001000 111101101 111010000
1 110 100
01010100 11000111
0 001 00011
1 11000 010011
010111 100111 011011
111 0100 0001 0000 01110
11 01100
010 110 001 101 011 100
101011 111010 010011 100110 111000 111101
1011 1000 1110
101 011 1000 001011 001010 0110011
0110 00011 011011
0 01 110 1001 0100 1010 01111 111010 101001
1101 0100111
0100111101 0101010111 0100001011 1100100000 1000110010
01 00111 0000100 1110001 1100010
000010 101011 011101
1111 10110
000010
01 0010111
1 0 00 01 010 1011 1001001 1010011 1101100
10 01 000 0111
0 001 011 1101 11110 111010 000100 100011 1011100
0 1001 00001
00011100 01110011 01110001 00010000 00000101 01000010 10001100
1001001
00000 10101 01101
011 111000 101101
111 1000 0010 0110 1011 10000 01011 01000 101000
0001 11010 011011 011001 1001101
1001 011111 101001
1 10 000 10110 11000 11110 11101 01110 001110 1101010
110110 001100 000001 000010 111000
00 1110 0001 1101 11010 10101 000101 1000000 0011011
10 011 000 0010 111101 0110011
0 011000
001 011 100 110
10 00 000 0100 1111 10101 1101110 1011100
1110 1001 0001 1101 0011 1111
0 011 001000 1011001
0 00110 010101 1010010 0010111
01010 01100 110110 0110110 1010001
100 0100
1000 1001 0011 11100 1110000
0111 0010 0110
1 011 01100 1100100 0100001
1 0000 01000
110 01001 00010 00100 1011011 1111110
1 01 01110 101011
0010 110110 0110101 0101001
1 010 10010 1100110
0100 0001 0111 1100 10111 000000 111101 1000101
011 000011
00 0011 1100 101000
11000101 10010000 11100010 01111100 00011011 01111111 00100110
1 00101 0100111
1 0 1001 10111 01000 101011 111010 0100011 0010110 0100001
10 010 000 1111 10110 0010001 0111100
1 10 01
0011 00110 010101 0010100
1 001 00011 01101
0000000 1001110 1110101 1111101 0101010 1010101
001 111 1111 01001 1001001
10 101 1001 11111 10011 101000 111101
0 10 101 0100 1111 00101 011001 101110 100101
0001 011100 001010 1101100
01 100 1010 0011 1111000
0 010 01100
0100010101 1110110110 1001100110 0000011010
111 1000 0110 01000 101000 101110 0010111 1000101
0 0000 10010 1100111
001 1011 0111
101 1110 1001 0011 0101000
11111 00101
01 101 111 1110 00110 110000 001010 1100100
00 001 000 10110 11110 000010 1011110 1011111 0011000
0111 1111
10101 01010 01101 10100 01011 11101
10 100 0110 1111 010010 111001 010111 1001110 0111101
010 0111101
1 1010 10000 0001101 0001111
1011101
00 10100 100011 1101010
001 010010 1001111
01100 10100 10010 01001 11011 10011
11010 110111
0 101 1110 0111100
11 000010
101 1110 1110000
0010000110 1110110011 0000011010
101 0110 10001 10000 11011 00111 00011 00000 11101 1001010
010 0100 0000 0001001
111 0101 100111
