1000 010001 001110 010111 0100001
000 1101 1001
10 001 101
100 111110
001000
000 0011
11001 11110 110001 1001101
11000
0 100 010101
1001 0000 01111 1101110 1101111
10101 01010 111000 0010111 0111001
0 001 0011 01011 0001110
00101 0010100
1 000
010 0001101
0 0111110
00 11 001 101
10 1110 10111 011001 011010 110011
0 00011
01101
00 01000 0001011
100 0011 011100 111110
10100 01101 001000
101 11100
10111 100101 0111100
11 00011 110000 100010 101001
0110 0001001
11 0101 00011 011010
010 110 100 1000 010000 100111 0011101 0100001
10 01 1000 110100 011100 100100 0010000
101100 1110111
000 0110 10100 00010 11100 101011 0100000 0011010 1010010
11 00 01 010 1010110
00 010 1100 011011
10 000 1001 0001 010111
1001 1101
000 101 11100
001 0111011
00 1000 01111 010010
00 0110 11110 1010111
001 000000
011101
0 10110 101110 0111011
1 0101010
111 0010 1010 01010 101011 001011 000111
10 000010 111001 1100001
11 0011000 1110110
00 0001011
1 0010 0110 111100 111101
1100 11001
10 01 001 111 0011100
0000 1111 10110 01011
101 0100 11011
0 00111 000100 001111
010 111 11100 1011001
00 10 111 101
111000 100100
1 000 010011
10 0110 111010
0 0010 00111 1011001
01 100 0000
11 10 110111
0 101 011100 0110000
0 0011100
0100 0101 1000000 1101110
11 1000 10110
010 11001 00101
1110 11001 00100 01110
010 001 011 1111 00111 0101110
1110011
001 00010 000111
0 11 1110 11010 001010 1001000
1 1010101 0000001
0 110 01010 000111 1101011 1010111
1 11110 110000 000110 0001110 0011001
11 11000
0010 1101 01101 000101 0111000
000 0010 01001 11010
0 01100 0100000
11010 1110100
0 001 011 0101 1101001
1011100
00 0110110
0100 00100
000 0010 10000 1111110
1100 1001001
01 101 00100 10100
1001 1000000
10 000 0100 0011 100111 1010011
1011011
01 1001010
011 100 1111 1111001 0100111
11 1110 0011 01011 10110 0001101
110 100 01000 011110 0000100 1110111 1100101
011 100 0101
00 001 1101101
01 1001 1011101
01 001 11100 0100011
11111
1 0010 11110 101101
001 0100 01100
01000 00001 011001 1001110
00001 10011
00 0111 10010
010 1101 0101 01011 1100100
10 10000 111111 0010010
0100 0000 00110 101101 110011
0011 0001 101000 0100001
0 0100001 1110111
0 10101 00011 011001 0001011
1111 00000 000111 0101001
011 1001 1101 0101 10001 0001110
111 1010 11001 010000 111001 0001100 1001111 1100101
1000 10001
00101 100000
010 000 01101 00111 11100 111100 000100 101000
01 111 0000 100011
00 100 1010 0101 011110 0011001
0000 001011
0 110 111011 1111111
1 0010 101100 0000111
0 11 1011 010011
1 10000
0 1001
001 1010 0101
0 10 110 11101 1110000
0111011
110100 000011 1010001
10011 111010 011111 0001101 1010001
010 100100 0001000 1101110 1000000
10 1000 11010 011011 111011 100101
0000 1010 1101 01010
11100 001111 000011 1010001
11101 011010 0010000 1101100
01 01010
1 010
1001 1101111 0001011 1001101
11 100 1110 0110
0101000
1011 1010 11110
0001 1011 000110 0100011 0011110
00 01 1011
10 011101
010 110 111 011000 101111 1011101
110 01010 11111 010111 0001001 0101011
0010111 1010100
110 0010 0111 01100 00100 0011101 1000001
01 110 100 0110111
0 10 011 1010111
1011 1101 0100111
10001 00011
101 1010101
1 011 101010
010 1011 01110 0100000 0111010
01 000
01
001
0 110 0101 0011010
01 000 10011 1110011 1111010
10 000 00011 001101 0010111
0000 10110 00011 10011
1 011 011001
1
100 10000 110101
0100 10111 00100 1101111 0101011 0111001
00 10 0111 00011
10 110 0101101 1001000
01 11010 0010010
11 011 1001 011000 001010
10 1011 11000 10000
00 11 10111 1011010
110 01000
000001 1010110
100000 110111
0 11
00 100 01110
00 0001001
001 000100 1111100
0101 110001
111 1110 101011
0 1001 00011 0110011
010 10011 101100 001100 0111010 1101100
1110 0101 01010 0101011
111 111011 101011 1011101
11 101 0100 101100 000011 011100 1011010 1100000 1100011
0 011 0001 010111 1101101 0011001 0101001
00 1011 1110000
0 10 111 1100000
101000 1001011
10 0011 10011
0000011
10 001011 0110110
11 101 101110 0001101
00 10 01011
00000 01111 010100
011 100010
10 00 0001 01001 01110 0011100
10100
00 001 10011
10 011 1011 0101 11001 01111 110100 0000100
11 1000 1001 00100 010111 0011011 0001111
11011 11101 10001 110000
11 101 0101 01011
1 1100 10001 11101 00000 00100
000 00110 111011
001100
010 001 101 00100
1010 1101001
01 0001 0111011
00110 100001
01 001 11010
1 001 101011
0 10001 111001 0000100 1001101
0 110100 1101010
01 010010
1 000101 110000
1 00 11101
1 0000 10001 010101 110011
11100 0000110
0000111
00 11 101000
00 010 100 0110 01011 00011
110000 010000 0100110
011 0000 01001 01000
0110100
10 111 1000 101111 011100
11 00 0010 11100 0000011
01 00010 10011 101100
1 1000 0010 1101 110000 0101001
010 1111 01101 010101 010000 011010 1101110
0001 100000
01 00010 1100001
0 0101000 0001000
0 1001110 0001010 1101111
10 110 1000 0111 10100
100110
0 1000
10 000 1011 01011 0111111
1 101000
00 1010
0 100001 110011
11 010 0100111
1100 0011 0000111 0100001
1110111
10 0101000
01 00010 100001
01 000 1110 1010 100111
011 0000 1111 111011
00 100 1110 0110 01110 1011100
11 01 0000 01001 010001 100110 1110011 0101100
001011
10 001 0000 0010001 0111010 0100010 1001111
0 011 10011
001 1100100
001001 110000 011000
111 0111 0101
111 101 01100
10 00110 11100 0110101 1011110 1001111
1 0111001
10000 01011 101010 1010010
00111 01111 10100 010000
0010 11001 110011
1 10101
10 01
10 001
111 0100 1100 100011 000010
0 11 1110111
00 0111
00 0011 10100 1101011 1110101
0111111
110 101 1000 01101 00000 011001
1 10 0001 1110011
01 0111 10000 00010 1010100 0001100
01 0000 1111 11001 000100 1001000
1 10111
010 1011100
010 01001 110101 0010111
01 101 1001
000 1110 1010 10001 100010 000101
1 1101101
10 111 110001
0100010
10 0110 00001 00111
110101 110011 1011100
0 1101 100001
1000 1101 11010 11100 000100 1010011 1000100
1 010 100001 111100 0110110
101 00000 10100 0001101
1 000011 0100010
1 100 1000 111110 1000001
1000111
1 00000 01001 0111100
111 1001 0111 110111 000010 0110010
0 110 1011111
011 0000 111000
100 1000 1010 1111 01100 1010111
00 001 010101 111110
110 100011 1010000
11 011 110111
100 11011 10111 1101110
0001 1111 0101 00000 111110 111101 101101 0010010 0110000
010 0011 11101
01110
10 010100 001011 101111 1101101
11111 101101 101100 010011
0110 00001
100 0010 0110000
0011001
001 0011 0110
0 001 1110
01001 011001
100 011110
0 00101 101111 0110111
01 101 00001
010 0001000
1 11010
11 011 0111
111 100 1011 010101
0011
11100
001 000 10011 1111010
110 00011 11101 110010 0101001 1010001
1 011110
0 11001 01001 101011
0 110 101 011111 1000011
111 1001
1 1111110 1101100
00010 100011 011010 0101100
00 01 100 11111
110 110100 1110111
00 101 1110 0011101 1000001
0 111 101
00 001 011 11001
11 01011 000000
01 01111 010010
00010 101000
11 010 1100000
11 1101 10000 0111100 0001100
11 10 100 001101
001 011
010 001
01 011 010111 0100100 1111100 0110000
0 101 11100
1 100000
100 000100 0010001
00 1000 10010 01100
0 11000
00 000100 101101
00 01011 010111 010011 1010110
111000 101011 000111 0010011
1100000
11 01 100 0110
01 01011 001111
01010 101111
001 101 111 011 0101 11001 10000 00001 1100000
10 1111 0000 11000 00100 011011 0011100
100 0100 00101 0111101 1100011 0010010 1001011
00 0010111 1001000 1001010
0 0100 0011100 0011001
1 0001 111011
0011 10010 00100 0001011
010 0001 0000100
110 0000 1001001 0100111 1000110 0101010
011 1110 100011 111111 0100111 0011000
110 0101 011101
1000 11000 000100
1100 10100
01 101 001001
0 101110 0001111
001 0001 01110 011000
000 011001
00 10110 101111 1101011 0110111 1111011
101 1111001
11 101000 1110010
011100 0010001 0100111
0100 011010 100101
0010 0111010
1 000100
000000 0010100
010100 011001
1 00 010 0001111
1 011000
000 001 011010
1100 01011 00000 01111 1110110
111 00110 01101
1 010110 1110010 0001101 0000011 1110101
0111 10100 101011 100000
0 1110 110100 111110 0110111
1 1010
1011 0000101
111 100 010101
10 111 101 10000
0011011 1011110
101 0101 0001110 0100100
110 0101 01110 1001011
01 101
00 11001 0111011
0 100100 111111
001 1111 110111
111 0010 0001 11010 100000 1001111
00 010 1011 111110 1110010 1111111
0 100 11110 00110
001 110010
110 01101 11011 100000 001001
100100 0010010
111 0000 11000 010010 0100111
1110110
10001
001 01000 0101100
1010010 0010010
0 100 1010000
001 0010 0110 111000
10 1111 11001
1001110 1111101
1 1000 011011
0101100
0100 0110 1101001
0011 1111 01110 110111 1011101
01 10111
1101 000010 1001001
11 10 0000 0001
010 01100 11110 1001001 1001000
0001 0101 01101
10 0011
00 1001 011111 0100011 1000100
11000 00101 01010 1111000
001 111100
0 11 10001
11001 0101010
001 010001 000110 0001110
11 0011 1000101 0111111
0100100 0000110
1101001
110 0011 1100 0101 11001 100001 111010 101000 0011001 1110100
0100 0110 11101
10 100 00101
00 0111101
010000
0 10 1101 0011000
01 00110 11100 000100 1100000 1011111
001 01000 110110
11 011 0101 100010 011101 0011011 1010000
10010 01100 11100 110101
10 1001 11111 001000 111001 101110
0 11 001 1110101
01 000 10001 0001100
00 011 1010 10101 0011000
011
011100
1 1100 1111101
100 1000 1001 01011 00011
11101
110110
10 0011 01100
01 010110
1 0011101
1 00 1010 11110 00101
00 101 110101
11 1110 000110 101101 0101101
01 1100 11100
00 110110 1001110
11010 01001 011100
110 0001
0100 1001 11000
00 011 1010110 1010111 0111001
1 00 00110
1 00011
11 0101 011001 100010 001010 0110110
00 1000 101011 0101110
0 11 11101
0 0011 11001 11011 011110 0101000
0 110 0111101 0111110
010111 1000100
1011 10000 001101 1010000
1 11100 0110011 0110101
10101 00110 00001 010010 011100
0 1110 0110
10 01010 100111
1 100 1001000
0 001 1100 101101 0111011
011010
0101 00011 01111 010100 101001 1110011 1101000
0 0010
0 0110 10101 101101 0001101 1110001 0111110
0010 0001
11 000 0011100 0110010
1 01001 00111 011000 001001
10 111 1011
0100 10101
0 0100 11010
0 0001000
00 01100
1 10 0001110
1 11110 0110111
10 00 11110 111111 0110001
10 0000110
01001 101110
010 111 110111 110100
01 0110 110101
101 011 000 10010 01000 110111
11 10 11011 0011011
110 1111
00 010 10011
000 100 0111 1011010 1001100 0100101
011 000 1011 1100 11011 00100 1111010 0010111
010 0011001
1 00000 011001
00101 11110 1011001
11 11100 000110 1110101
1010 000100 010111 100101
1110 0011 111010
00 0011 00101 111111 1111010
000 1011 0110
11 010 110111 101011 010101 011100 0100011
110010
010 110 10100 01110 111001 1000111
10 1110 00111 00011 000010 011110 0011010
01 101011
1 00110 1011011
10 001 111 011 011110
00
10 0001 10010 1100100 1101100
0010 0011 1101 01001
101 0010 111100 101010
0 001
11 011
11 011100
10 11 01011 010101 001011 011010
110000 000110
0 10 1110
10 10001
01 101 0100 001000
11100 1100111
001 0111 0101 01100 100001
111100
0100 0111 111111
01 000 1010 110110
0100 1010 010000
0101 101000
11 01 001
0100100
10 0101100
0 111 011010
1 0000 1000 100100
1001 111110 0100010
0001 0110 00000 110111 110110 1110110
10 0100 0111 101011 0100001
00 1101
1 0011011
1 00100 0101011 1110101
1000 00001 010101 0111110
111 0000 000011 1100011
10 01 110
10 01 0000 11011 1101011
001 100 0001 1101 1011100
101111 0010110 1111000
0 0111010
10110 100000
10 011 11001 01000 010110 100111
1001000
01 011 100 100101 1100001 0001111
1100 01110 0110000
10 011
01 0111 001110 101100 111000 0001010 0000111
00 11 01 001
10 0011 0000 10110 110100 000011 0011001
11 001 101 000 1010 010011
111011
0 0000011
1000 11000 01110 101100 011100 0000101 1001100 0111110
110 1000 10011 11110
0 1011 0011 1001
00 10 01100 100111
111 0110010
000 0010 1100 0000101
100 110 101101
1111 1110 0011010 1101001
10 11 00110
00 101 0101000
10 010 10110
11101 0111001
010 111 1010 11110 000010
00011 10100
1 101111
001010
101 1101111
101 001001 111101
01 00110 101001
1 110
110 111 0111 10110 0101000
0 01 11101 0010011
1 1001
100 00000 01110 100001 100010 101111 1101100 1000110
00 1001100
000 00011 01110 111000 100111
100100
11 110 1001 010110 111011 1110100 0011110
001001 0010101
11 110 0001001 0100101
100
100 001110 1110111
01 101 1110
010 1011 01111 1110111 0011110
10 110 0111101
11110 1101100
01 01001 011010 0000011
001 11110
011 0100 00101 10011 110001 001100
11 000000 0001110
000 011 100 111001
100 0101 01001 010001 1100011 0011110 0000001
1 1101 100111
010 011 101010 1011110
1 10111 010111
010 00101 110000 010011
1110 110100 0110011
1 0101 01001 100001
110 0111
00 10 000110
010 10001
0010111
10 011 01011
1 0111 1010 10010 010010 0001100 1000111 1000100
0 001011
001 00100
011 100 1001 11101 011000
011 0101 0100001
10 010 110 011 1110011
11 0010 01000 0111000
01 111
0 011 10011 100001
1111 1001000 0010011
11 001 101 100001
10 101 0111 10010 11111 010000
0 0100 0111110
101 0001 10110 011010
0111 1010 0111011
100 00101
01 01011 101010 100100 0101111
011 101
110 011100
11 01 1010 11110 1000101
1 00101
011 0010 01001 000110 110011 0111111 1101100 1000100
1110 00011 001010 1001111
01 011001 0010001
00 100 0100 011000 1101101 1001110 0100110
01 10 1000110 1010110
11 10110
110 101 1100101 0000011
11 110 000010 111000 0001110
0010 001111 0100001 0111000
1010001
000 10110 000101 1111100
10 111 10001 11101 110111 101001 0110000
1110 10011 011100 0011100
01 000 01011 110100 001111 0000100
10 00 0011 10011 001011 011100 0111110
110 100 0110 011111 011100 0011000
111 0110 0000000
010 1011 110100 0001011
10011 11110
0000 01011 00011 11110
011 000 0100 01010 0101001
1 00010 100100 1001011
0 0110 00101
1 010 10001 10011 111110 1000110
0011 10001
1 01 10010 0011011
1101 01001 00001 011100 1010001
000 01011 101000 0100110
01 0011 110110
001 1100
01 1010 00110 0001111
101 11101 10100
0 01110
00 0111 1100 0011000
01010 100111
1000010 1111111
01000 0010111 0010011
11 01 0100 101001
001 1101 001100 0001001
0 0110101
1 0000
111 1011
10 110 01111 0101111
1010110
00 1101 11100 101010
001 1011 1100 10101 0100000 0111111 1110001 1111011
11 010 1000 1001 1100 111011 101000
01 1010111 1110100
1100111
0 0011
100 1101
11 10 10100
1 00 110 010101
010 111 0111111
101 1011 100000
11 00 010 0111 10100 100010
1 0100 0011 01100 0100000
111 0010
1 100 0010 1101
00 11 1000
00110
11001 1001101
0 101110 1000111
10 1011 0010111
1111 0100100
00 11110 11100 100001 0000001
11110
011 10110 0111001
11 101 00100 0001110 0110000
00 10 0100001
01 100001
1000 000101 0101110
100 1000
1 011 10011
0111 11000 01111 1110111
0 1010011 1101111
01 001010
1010 11111
1 1100 1101 000001
1 1000
101 0111 00100 000111 1010100 1101100
0000101
011001
10 101 0000 1111 0100010
1 1001 100000 0111110
0 1000 0111 1011 1101110
0101
0011 0001 101100
100 100101 1101111
01 001 01000
0 10 1101 111101
1 000 0100 1011010
010 0001 0000 0101100
1000 0010 1010101
00100
10 01000 0111100
011 1010 00101 0001111 1100111
0110 01100 111011 010011 0111111
00111 01111 101010
00 01 1011 10110
11 111010 011011
00 11 1001100
00 011 100 01010 0111000 1010101
00011 000101
0 101 11110
000 00011 101010 101001 0001111
0001 00001 101110
000 0000111
0 11 0101
11 10 111100 001101 0000100 0110000
1 1100
100 10001 101110 101010 1101101 0000001
101 0111 1111010
01 1010 0011 00000 10011
11 10001 0101110
01 110
00 111 101
101 011001 1010010 0110101
100 11100 100101
10 11110 1000011
11 100 1110 010110 010000 101101 001101 0010001 0001001
00 001 11111
0 01 01011 111010
101101 1110101
0 1100 0101 000001 1101111 1011101 1111011
1 1100010 0111001
0 1101 0110010 0100101
111 1010 0110
0 01 11
100 0001 1101 1111 1100 10100 00111 01110 010011
10 101 10011
01 1011 01100 1101101 1100001 0011000
111 001110 0000010 0110001 1011001
10 11 01 10010
1001111 0011001
1110 01010
0110 01100 100010 1110001
110001
00 011 000010
101 0100 11010 111000 1111100 0110000 0111001
001 000
11 101 010110 0000100 0101011
00111 100111 1110010 0111011
001 0001100
11 0001110
10 11001 111010
1 00 010
0111 1110 01100 1001000
00 1011 1001
0000001
1101 110001 110100
1 001 1011011
1101 10100 0101101 1101101
01 1101 00111
11 01 01111
001 1000 1001 1010 1110101
00000
01 111 01100 101100
10111 110101
1 010 0010101
1001111
11000 00110
11 0101
101 1011 11111 10011 100000
1101 11111 101001 0001000 1101111 0011111
11 00100
1 1001 101010
0 100 01011 1001111
1100110
10 101 0101110
1 1100 01010 01110 1000101
0 01 100011 0111110 1111011
0100
0 1111 100110 100010
01000 0101010
000001
001 110 000 1011 100001 101110 1110111 0000011
01010 0111010
1 0110101 1011100 0000110 1011001
011011
0110 01011 011110 010011 0001001
00110 010110
000 0110 001101
0001111
1000 01010 01100 01011 00010 000110 1000111
0 001 111011
010 100 110100
00 0100101
11 1001001
01 01001 001011 100101 0011101 0101011
101 0001 0101 10010
1 010100
111 110000 011101 1110011 1001010
0 011
100 01000
0 011100
11 100 1010 10110 00100 001000 0110011
0 11101
100 1111 0111 11010 11011 110011
011 0100 100000
1 01000
11 010 01101
11 010 00111 10111 111100
1 1110 0010
01 101010
1011 01110
110 111 00000
01 0100011
0000 0111 11111
00 01
00 001
0 101 000001
1 10111 00110 010010
1 0111 10110 1110010
1 000110
101 0000 1011101
0010 00001
00 01 11000 11011 001011 0111101 0110010
00 0110 010011
1110 10000 110110
001 011 100 0000 11010 001110 0110111
1100 011111 0011100
01 011 01100 111101 101110
010 10000 101110 0111111 1100110 0011000
10 1000 101100
01 100110 0010011 0110111
0100 1010 1011 11010 001111
01010
100 1011 110000 101110 1010010
10 110 111 1001 1011101 1010001
0 011010
00010 1001100
01 00111 0000011 1001100
00001 0011001
1 1011 0001 00000
0 111 0100
100 1101 0110 00111 101111 000001 100101 1100001
10 00 1101 10100 110101
110101
10 011 0001 00101
01 110 101001
01 101 1000 0100 000111 0011101 0000110
0 010 0101
10 000 1100110
111110
10111 010010
100 1000 1100 01101 111011 1100011 0101011 0011110
1 00 1110 011011 011010 1011000
000
010111 010101
00000 111000 0001101
01 000 101010 1001100 0011111 0111011
1 0101 1010001
1011 0011 1101 1001011
00 110 011 1010
1100 00110
00010 1000011
1 1000 011000
1001 11101 111001
0 11111 0110001
1 011111
10 111 011 11001 0000011 0101011
1 0110011
11 001 1011 10101 10100 00000 110101 100111 0010100
110 1011000
1 100111
001 00001 11100 0110110
101110
1100 0101
110 0001 10101 01010 010001 001111 101001 1111011
1 010 1100
1101111
00 01 01100 01001 11110
0 11101 1101001 1001111
01101 111011
011 0010 10100 00011 011111
111 0100 0010 001000 1111110
00 01000 001011
100 1110
1 101 10001 10011 000011
10 1001010
1 00111 001010 1010010 1001001 0101101
11 10 001 011001
11 10101 0011011
0 111 0010 0011 1011111 1001111
0 10000 0101101 1100110
0101 00010 001011
011111 110111
110 101 0100 1111 0100111 0110111
1100 10010 011100
011 0000 11011 101000
11 01100 00001 111001 110101 100110 0100000 0010010
1 00 0100 00011
0101 11011
10 000101 001101
010 1011100 1101011
100 0011 101000 0110001
11110 110101 0001011
0 1001000
1 00 1011 000100
0 1101 010110 110000 1111110
00 0110 0000001
1 10 10001 1110100 1000001
0 100 011010 011011
0110 10001
001101
1 11010 0111000 0011110
0 111011
100 1000 1110 1101 0111 010100 011000 0101001 0010111
010010
01 10001 011100
0 01 11101 110110
1010 0011
111 100 10111 0111110 0010100
0010 1101 11101 0001000
0 1000 0011110
00 0011 111001
11 000
00111 0010111
01011 10100 011011 1001110
01101 110010 101110
10 10000 1100111
10 10010 011010
101000 100111
01 011 1001
100 1110 11000 110100
11 010 1011 0101 00010
10100 1111011 0110010
111 11110 111001 0111101
00101 000101
0 10010 110000 100011 0101001
000 1110 0001 001100 1110001 0000110
110 101 10100 000100 1010011 1101111
11 010 110 0001010
0011 11110
1 011101 000111 1000010
000 010000
100 10011 1011111 1101011
01 1000 010001 000010
001 1101 0100100 0010011
01 0110 1111 00011 110100 0100110
111 0010 0010100
101 1010
10 100 010111 0100011
001 0001 00101 101100
10 100 101111 0010110
10 1111 01111
0 100
0 10 111000 0111100
1 001 0111111
0 111 10010 0010011
01 011010 1001011
00 1000111
011 00000 111110
0 0111101
10 100 1110 00101
001 110 10010 10110 010111 001111 0011100 0010100
000 0011110
1000 101000 111110
1 110100
0010 0101 0100110
00 11 01 111011
10 000
100 111 0000 11001
11 0010 0110 10000 10100 110011 1110110
1101 10111 011100 0110101
0 0111 00010 11110 001011 0010011 0011011
01 000 0111 10110 1101011
00111 00010 11000 01110 001101 1100010 1000100
011 1100 11101 0111011
01 01000
00 011 11001 001110 110110
11 10 110 0100000
10 1011 1001 1111010
10000
0 0010111
000 010 0111 10010
01 0010001
000 1111 0110
1 100 1000010 1110101
01 011 000 111011 000110
0001 01101 010110 110101 1000100
100 0111 1010 010110 0100100 1100000 0100001
11 101 0010 0111 10000
010 00110 0001101
0 011100 0011011 0110001
0000 10101
0 01 1001110
010 1100110
11100 011000 0000111 0101010
1010 0110110 0111101
10 011 000 01100 01011 0001000 0010101 0010010 0110000
00 100 101
10 11 101
1 10100 0100101
1010 100000
10001 1101010
00100 010101 111010
010 1011 01011 000111
110 0000 011001 000011 1100010
00 0011
010
1 001 0110101
0110 10000 001100 1110100 1111111
1 01001
0 0010 0111 01111 110011 0101000
011 00111 000100 1010010 1010000
1 000 100 101100
11 1000 0011111
011 0111 0011 011010
10 111 00001
00000 11100
010 111 0010 0110 10000 00110 10111 110000 101010
0111 0010 11001 00011
0 1011 0011 10100
1111 110101
0100 1011010
01 1011 11101 001011 0110010
010 00001 0100010 0000111 1111111
0 100 0101
001 001110
01 010 011000 1011010
0 0101 1001001 0001011 0110100
001 011 001000
1 0001011
0 10 10110
1 0001 1010 0110 10010
001000 0001001
011 00101
10 0100 10101 011111
10 100 1001 111010 0100101
00 01 01111 01110 110111
0 10 111 0011010
11110 011101
11100 110000
0 1010010 1101011
0100 010100
11 01 110 1010 10100 00100 110000
0000 00111
101 001111 0101010
100100 0101110
00 00101 0011011
1000 0000 10101 01101 1101100
1 11001 0000101
111 0111110
1 0011 101000 1000001
0011 0110 000010 001000
10000 1111110
00 1110 0000110
100 11111 10110 00011
11101 110001
0 000110 000010 0110011 0110010 0101000
1 011010 0111100
1 100 0101 110100
10 01 001110
011 11110
100 10010 0100011
0001 010010 001011
10 11 00111
011 1010 11101 1110010
00 0111 010000 100110 100111
11 01
001 1010 1101000
01 1110
01110 000000
0 11001
0 00110
0 1010 0010011
00 100110 010001
11 101 01001 10101
0 11110
10 100 1101100
101010 0100011
10110 100010 0111100
010 01101 101110
1 01 001
101 1110 0011 01000 00000
11 01 011 01000 1010011
11000 01010 1100111
00 01111
01000 11010
00 1110 1001110 1000010
0 0101
0111 1111110
0100 1101 1011 1100 00000 110111 011001
0 11110 101111
11 001 10001 01001 0101101
00 10001
1 11001 01001 001101 0001110 0100010 0000001
1000 0011011
01100 11110 110011
11 010 101
001 100101
011 010111
00 01 0110100
01010 1101010
1 101101 000010 0011101 1011100
01 10000
10 11100 110010 110000 1011111 1010000
100 0001
0 1001001
00 101 0010 1011 001100
00101 0011100
0010100
11111 0111011
101000
1 001 000011
1 0001
1 0011 11010
10 100 011010
101
11 1010 0101
100 1010 0110 011010
01001 101101
0010 11000 10101 0100101
1000 1010 01001 110110 0001111
00 00101 1010001
00 10110 00100 011111 100011 011110 1010010 0011100 0111110
01 0011 101011 000100 101111 0111110
01 010
00 011
10101
10 11000 111100 000001 0111110 0111001
010 0001 1010 11001 10111 11101
00 010 011 11001 10000 1011000 1110101
011 11111 11110 0111111
010 1010 10011 100000 111001 0010011
1 001 1101001
100 11111 1111001
000 0101 010010 011111 100010 011110 011100
010 11011 011000
10111
0 10011 001010 111010
10101 1001010 1010101
0 010 11101 0010101
100111 1000100 0100101
0 0111 1111
0 1010 0001 0101011
1 00001 001111 0111110
1 1101 00111 00101 1000010
00 111 110010 111110 101010
110 0001000
10 0101 10111 111000 0000100 0001111 1010001
00 01010 10100 0101100
00000 11101
0 1101 101111
100 10011 101001 0011001 0100011 1100011 1000101
011 0100
01 1010 100001
100011
110100 0100100
0100 1011
10 000 01010 00101 0111100 0110011
001 111 1100 110010
1001101
1100 10000 011111 010000
01 11011 1111001
010110
101 00001 11000 00100
010111 001000
11101 1001100 0111001
1 00 10010
0 011 1111 011100
0 11001 110101 1010110 1101101
1 0001001
0010 1111 00011 011001 000110 001001 1100010 1010111
111 0111101
00111
1 110 001110 110000
10 0011 011100 0101101
1100 10110 00110 100010
100 001000 1001010
1111101
1000 1010 111010 0000101 0110011 1111101
11 00001 10011
10 11001 01001 000110 1010010
01 111 11010 100000
1 0111 10100 00101 011000 100111
11 101
10 010 1111001 1111111
011110
1 000101
100001 0111001
101 000 01010 01001 10011
0 1110010
110000
11 00 010 001 011
00 11011 111100 0001101 1100100
011111 101111 0001110 1010110
11 0010 00100 0111100 1101100 0011000
1010 1001 1000011 0101001
001 10001 100100
00 100 01111 000011 1001111
10 10110 01010 011101
011 1001 0100 1111 11011 000100 0111010 1100100 1100110
11 1110 01100 01111 0101010
110 1001011
011 0100 1100
0010 0101 011000 100101 100100
11 010 100000
100 1110 11000 110111
0110 00110
0 111101
11 01010 111000 011110 1011010
1 010 0110
00 010 011 0010
011 10110 001111
1 11101 110100
10111 111010 000001 0001100 1100110 1011100
1010 10001 100100 0101100
100000
110 11110 011111 1011001
10
101011
000 00100
01 001110 111110 0011011 1010101
00 01 101 111 100000 100010
001 100 11000 011111 101000
00 1101 11000 10011 001000 101111 010111
101 0000
1101 110001
10 01 1000 1010001
010 110 101011 1101101 1010100
001 00011
00111 11100 0011011
001 0100 010001 0000001
10 10101
010 100 1110 1011 1111 001101 1110111 0010000
01001 00010 001010
0 001 01010 1010110
1 110000 010000 0001100
0 110 1000
010 0011 10010
1000 00100
1 000110 0100100
01 0111001 1010000
00 101111 0110010
01 0110010 1011111
0001 0000 11001 11011 101000 010011 1111100
0 0100000 1001101
000100
1 0111
0 101110
010 01000 01100
00111 000100 0001010
0110 000101 1011100
10 10100 010101
1110001
001 1100 11001 01000 00001 001110 0110101 1100000 1010001
01000 110110 101101
0 11001 01101 0101000
10 0110 110001 000110 0011110
00 100
001 011 100110
010 1111 111010 1011011
01 1010 100011 0011010
110 0110 0101
01011 1100101 1101011
1100 11100 010111 1001110 0101110 0011011
00 11111 0010101
1 101 1010
10 00111
00 1010111 1111000
01011
1 111110 000000 101101 100101 0001101 1000001
1 1001 0011010
11 10
01 01100 011001 0010000
0 11111
0011110
0 101 111110 0111011
1111 101010 0101101
01 10010 1100111
100 0010 000101 1111110 1100110
110 0100 10110 001110
110 101
000 0110000 0010011
00 11 0010 01000
010 101
00 10 101001
0 11 0101101
110 001 0101
000000 100101
1 111010 0011010 1000100
0 100001 1011100
0011101
1 00011 11110 011001
01 00101 0101100 0000001
1 0000 11000 110100 1110011
00001 00000
11010 01111 0110011
01 01000 111000 0101111
01 0011 0000 00100 101100 011010 0110001 0101111 1011101
010 001 000 010111 100100 0000111 1100010
0 11001 11101 001001 1111000 0010011
10 100000
00 11 110010
11 0101100
10 00 100001 1111110 0001111
0111110
01 000 11011 111100
00011
1 01 10001
111
10 01 1000 1110111 1101110
1 0001 00110
0000000
1 110 101011
01 111001 1110111
0 0001 10101 11110 111101
101100
10 1111100 1100110
11 10 000
00 0110 1011 1111 010000 101111 1001010
0111 00110 11111 110100 100011
1100 00111
0111 1100 11011 000101 011100 1100111 0110111
1010 0001 100101
1000 1011010
010 100011
0 01
00 11001 001010 0101101 0100110
001101 100000
01 011 01001
0 00100 111001
00 1100111
1111 11101 01111 10011 01110 0000111 0110111
11 1010101
1 0000010
1110100
1010 110001
0 1111 0001 110110
00 00110
0011 10101
010 0110 001100 0100010
10000 010010
11 000 0100 100101 1010110
000 00001 101011
001011 0000110
10 01 010011 001100 100100
001 0110 00000 001111
0100 01001 100000 010010 010111 0001011
1 101 1000 0010 011001
00 011 100 11011 111001
110 000 0001 01011 001101 1000100
01 1010
001 11011
1 100 1111011
00 0111 1100 01011
00 0101
10 110 0100 11110 01111
10010
10 01011
001 00001
100 111111
0 011 11110
00 00100
001 10111 01111 111110
0100 01011 000111 101110 1110111 1111100
0 001 011 01110 0101001
1110 0010 0011 01011 000100 0011111
0 10 01111 000011
11 00011
01 10100 1010100
1 10110
0 1100011
11 10 001101
01 00011 1011010
110 01010 00011
000 01011 10000
11 0001 01011 00011 000110 011111 0100000
1 011011 000110 1010101
10 00100 101101 010111
10101 0111101
10 111 011 0000000
11 0101 00110 010010
001011 010111 0001100
110 01000 000011 1101011
000 011 0110100
001001 0001101
11 010 110
1 10 100 1000
000 0101 00110
00 01 100 0011010
110001 1101001
010 100 1111 1100 01101 100001 0000100
100 1010 01010 100111
01 001 0011 11101 0001000 1100010
10 111
101111 001111 1110101 1100011 0111000 0101010
11 101 0011 010101 0111010
110
01 101 000 110110 1111110
0 111011 1101011
1 1110 11100 001000 1101000
111 1010 01000 100100
1001
1 101 00011 0010111
0 0101111
10 1110 00101 000110
0100 1010
1 00 01000
101 111100 0010110
00 0010 1000000
111 100111
110 011 10101 01100 011010 1000000 0100001
1000001
1100 001110 1000010
00 11 01100
000 1011 01110 0100110
10 1110 11100 0000100 1000010
1 10 010100
00 11010 00111 010101 110000 100111 1000111
1111 10010 11110 101010 0101101
011 00011 100100 1010011 0100011
110 011
11 100110 1011000 0000011
10 11001 111001 100110 0111111 0000001
101111 000000
010 110 011 1010 0000 0100010
101101 0101010
101 0101 11010 11110
0 00100 010110
100 0100 00100
0101000 0111010 1001000
110 0010 10101 001111
100 0101 11011
1 01100
01 00 11100 1111101
0 101
011 10101
101 110011 101100
001 00000 11110
0100 0000 101101 0110110
111 0010 00011 1010110
10 01 1101
00010 001111 000111
1010 1011 01101 010000 001001
101 1011
1 1100 010101
01 111 01100 001111 1011101
111000
0111000 1010100
101 0001 000101
0010101
111 1011011
01 111 0100 1010 110001 110110 0000011
00001
11 100 0111 11110 0010111
1 0001 1101 101010 001010
00 1110010
1000 11011 10111
101 0010
010 1110 1101 0111 01001 11111 100101 1111001 0000011
110 011 000 0010 010111 0000011
10101 100010
00101
10 0111 1011 11000 0010101
01 0011100
001 0111 010010
010 110 101 011 0100 11001 110000 111100
01 000 11101 01011
001 101 00010 11110
0100 1011 1001 100110
101101
11
10 0011011
0 110 1111 10000
10 11 011011
001 011 00110 11000 111101 1010011 0101011
10100 0101101 1111010
0 00110 101010
01 0110 01001 110011 1100100
1 100 110001
1 101100 111010 010011
11 110
01 1011110
11 001 00011 100100 100101
10 001 0010
00 01111 1001001
11 1001
010011
00 111 1101 11000 10011 111010
10 00 0111 10101 01100 00100
1 0
110 00000 001111 0000111
11 00001 1111100 1101110
11 000 111110 1100100
01 1010 1010011 1111111
110011
101010
010 0110 01001 00101 01110 1101010 0000010 0111110
00 110 011 1011 1111111
001111 100100
10 01 10001 1101100 0100110
010 011 00000 01110 001000 1100011 0010010
00001 001010 100100 100101
0 1001 1011010 0110100
1 10 0110011
100100 0000010 1001000
1110 0010110 0001011
0 011 001111 011101
10110 00101 11100 1011100
11101 10011
0 00111
1011 1100 100000 0010000
010 11000 00101 100111
10 11010 01101 1010010
10 010 00010 00011 01111 0010101
0111 10010 00111 11000 11101 0000100
0 1011 1100111
110 011 0001
10 0000 100111 0110011
11100 101101 100010
0 1010 0111101
11 0111 00101 110000
01 110 0001 0110
0 011110
10 101111
001001
00 0101 01010 1101110 0110111
1 101 0000
111100 100110 0010101 1110010
101 11110 0100101
01 111 000 0100 0010 1100 000011
11 011 000 0010 000010 1001111
10 1001
10 1101 00110
111 101 0010 0011100
1 00 11101 0101101
001 00110 110100
10 11 000 100
000 0001 11010 10101 11111 11100 000111
11 0011 00001 110010 000000 0111010 0000010
10 0110 10111 11000 100101 1001101 0101000 0000001
00 101110
1110 0111 01010 11111 011101
10 110 0000 1100 1010111
000 10011 1001011
11110 101100 110110 000001 1111001
1 000010
00010
11 110 001 10100 000110
101 0000 0011111
11 00000 100010 101100 1101101
1000
100 10000 0011000
1 10011 101010
010000 010010 0100000
0101 110110
11 000 0011111
010111
011 000 101 0000110
0 1011 0101
110 101 101111 1111110
0011 1100 1010101
0 01 0111000
1 1000 0111111
1100 100001
00 1011 10100 111100 000110 000010
0 10
1000 1101 11001 10101 1110010 1101000
1011 0010 1000000 0001101
0 11 00101 1100010 1000001
1101 001110
001 011 0111 001101
110 000 01010 01100 00011 00001 01111 1111100 0011101
011 10001 01101
1110 0001 0101 11001 010001 001011
010 001 0011 0111011
01111 000111
01 010 00111 10111 00001 1110110
010000 1100011 1111000 1011010
001 000110
011111 1100000 0101000
1100
1 1000011
00 0111 1010 0110100
001 0000 10011 01111 0101111
1 10 0010
10 0111 11001 1010010
10100 0011011 0110010 1001010
01 111000 1000110
1110 000110
1 1010010
1111 1001
0 01 1101 1100 11011
110 100
010 0110 10010 10011 000110 1101111
0 001 010101 0110100
11 110 0001 0101 10010 000110
0 000100
00 0010 0101 0010000 1010111
10 11
1 00 0110 01110
00 01 1000 0001010
110 00010 00000 001010 111111
1 11101 010111 1101101
1000101 1011010
1111 1111011
10 000 10111 11011 0001101 0100111
0 011110 110111 0100110
10 1100 101000 001110
10000 110000
01 01100
11 110 00001 101110
110 0010111
0 1011 0011 1110010
001111
0 010000
0101111 1110000
1 00000 11100 0010001 0100110
01 0100 1111 1100 010110 110010 000110 101101 1101111
00111 00101 100110
1 10101 01100 010000 000001 101010 0010010
111 0001 0100101 1001010
1101 01010 1101101
011 101 1000 11010
001 00100 0011010
100 0010 11101 01110 0000110 1001111 0011100 0110010 0011000
00 10000
0 100 010110 0001101 0011101
001 1110011
1 001000
1 000010 0001101
011 000 0110011
01 1100 0010110
10 0011 11110 0010100
00 1010 01110
00 11 11010 10011
1 10 01001
111 001011
010 010110 100111
00111 10110 01100
10 1000 00011
10 001001
10 111 011
100 01101
01 100010
1 0010 11101 000100 100011 0011010 0101010
001 1110
00 10010 101001 1101010
00 0100 0110 00111 1001001 1001110
0 001 111 0011
1 11001 10101 0110111
0 01000 000011 1111011
1 01101
000101 111000
11 1100
10 0111 1100 00010 010101 011000 000100 1001111
101 11010 111000
01001 010010 101001
010100
10 01100 110100 110010
01000 10110 1110100 0110000
100 10111 01111 01110 110101
1100 00101
01 1101
00010 010000 011111 000010 0000000
0000 11011 011011 0001001 1110100
0 11111 110101 1111110 1110001
001 100 1100 101011
1010 11110 100110 001010 1001010
01000
100 00011 1001100
0110010
0010 1101 1011 01000 010010
011 00011
00 0100111 1000101
0 0011101
0010001
11 100 1011 11011 100010
1 00 0110
0011 01010 011001
011 0111 11000 10100
1 010 101001
00 101 10011
10 110 0001100
0110 011110
0001100
0011 1001
000110
0 0011 0100011 0001011
0111 10000 001001 110001
000 1000 11001
001 011 0101 011100 010111 1011011 0001011 1001000 1010001
001101 001000 1100010
110 1011 1010100
0 111
011 11101 000100 000010 001101 0110001
010 00101 011000 1100011
011 01111 100000 110101 0110101
1 000111 001000
1 001 011 000001
111 100 101 1010
0000 011010 101110
1001 0101
10 1110 010110 1001111
1 100 10110 0110000
1111111
001 0010 11001 0111011
000 1011111 1000111
0 111 110100 0101010
1 0001 00101 10101
00 101 100 0111 11110
1 0100 0001 01100 111110
01 00000 1101000
00011 00110 111000
10 010 111 01000 0011001
001 110100
001 10001 011001 011101 1011111
00 01100 010101
1010 01000 01010 0111010
00010 000001
0 010 01111 1000101 0111001
0 01011 1100101
011111
110 00100
1111 00101 101101
011 001011 110010
000 1111 11010 100011 0010110 0100110
0110011
0010 10010 0101011
01111 010010 1110110
0 0000110 0011110 0101010 0111001
100111
111 00100 0001101
011 00111 011110
11010 00011 110100
1111101 1100010
100 0010 1010
0011 101101
011 0010 011010
0 010 010111 0110111
11 010 000 00101
0 01001 10000
11 1101 1010 110101 1011110 0011110
11 1000 1001
00101 000110 0000000 1101000
000 110111
000 01010 01110
010 00010
11000 010100
1110
010 1000
111100 1001100
00 001 1000 10100 111001 101111 0010001 1101000
1 0010011
1100 0101 01010
11 010000 0111101
00 11 100 01110
101 111 1010 10101 011001
001 111001
011 11101 10011
0100001
010 110 011 1111 100010 101100 0110000 1010001
1000 1010
000 0111
1 1010 00011 100000 0010110
0 1011 001101
00 101
0 1011 11111
101 0000 0101 010100 0110101
110 0011 00001
1011
111 000 1110 0110 1010001
0 00111 000100 0001100
01011 01010 011001 0011010
11 0111 1111001
1 111000 0100101
0 11 0100 0111 110101 0010010
0 10101 0010000
01000 01011 01110
1011 0111
11 010 0110 0101
00000 11011 100000 1101111 1110001
1000 0111
001 001100
0010
01 11000
0 110
0000 001110
11 01011 000010
00 1111 0011
1 01
1 001
1 0111 1100 10101 110000
111 000011
01 01101
10 1011 10011 0001000 0111000 1001011
1 010100 110110 0010001 0001010 1101111
0001 0101 01111 001011 011010 1111111
0 0001010
11110 01101
110001 111101
000 000111 0111010 0000011 0010000 0011100
1101 1110100
11 1110
00 01 111 11010 001011 101000
10011 111001
01 100 011011
0101 00100
0011 00000 1001010
0 00011 10111 110011 1101111
00 01 1110 100110
1 0110 0101 111011 0001110 0110100 1100111
110 11110 0011100
11 101 0000
00 0010 1010 11001 000101
01 0000 111110 1000111 0010100
010001
11 01 01111 0011000
1100 001111 1010110 1011111 1101110
101 1110 0000 011000 011010 001111 0101111
1000 00011
11 101 0100 000010 001111 0100011 1100010
010 01000 10001
011 101 00110
111 011100
110 011 000100 0001110
11 01101 00000 11100 1010010 0001111
10011 1111000
111 0000 10101 110000 111001 1101010 1001101 0101111
010 100 111011 111101
1 0000011
11 001000 0100001
00 011110
01 00001 011100 1011010 1011111
00110 11110 110100 1110111
001 1000 0100 0000 01100
10 1110 10001 110010 001100
100 1011 1001001 1111011
01001
1 10100
0 00101
100 1110 10010
11 10 1000 100100
001 101 1000 11001 111100 0000000
0 01 1101 0110110
0000 0110 1011110 1110101
00 1010 01101 0101001 0110111
0 10000 111000
00000 011110
111001
110 000
11 0010
000 0011100
00 01 0111100
011 0110 10111
110 0001100
00 1011 01010 11110 01111 100110 010111 0100001
11 011 10001 010100 110111
100 1000 0000 1100 01110 11100 1000010
0110001
0 010011
011 0011010 1001100
0 11 0101100 0101000
010 111010 1100011
1111 0101010
00 10
0 110 1011 1001100 1101111 0101011
01 001 101 000 100 111000 0111110
11 1000100
11 10 00001 011001 011101 0000101 0101111
1 010 10011 1000011
1111000
1100 101101 0010110
0000 01000 00100 110110 000011
10 1011
00 111 1001
0 111 1100 11110 1001010
1 0101 00010 1100110
00 0001 110100 0010101
001 1011 0101
0110
1 001 000011 001101 0101011
000 0110 100001 010101 101111
11 000011 101111 0011111
0 001001
010 01010 111110 010000 0010000
00 01 10001 011111 1111111
001 1110 1010 011000
1111 100100 101100 1101101
0000 10010 010000
1 0111111
1011 110000 110101 0011010
0010 1111 10110 000110 101101 1100111
1 11010 010001
111 1110 010000
11 10101 010100 0100101
1001 1100001 0011101 1000101 0111001
100 010110 0011101
10 00101 000001 0001001 1000111
1010 11001 10110 11110 110000
001110
1010 11110 0010110
0100111
11 1101 010001 1110101 1111011
011 101 0100
000 10011 0011011
0101 111101
11 00 011 1110 00100
1 0100 10000
0 1100
11011 1111011
0 11 001011
1010 0110 1011 01011 010100 111010
1011 11111 00000 100010 1111110 0010110 1001010
00000 100110 111000 0000110 0011110
1 01110
01 0001 101000 1011001
11111 101110 0101000
00 110 10100
1101101
0001
0 011 010000
001 101 1110 00000 111010 100010 111111 0001100
010 100 010001 110110 001111 0001000 0010110
01100 101101
10 0111 01000
000 101 0110 01100
110 1110 1001 000011 1010111 1001010
01 111 0100 1000111
110 0110 100011 111011
1 0011
1 11100
1 001 1010101
10 0111010
1 1010 11100 100000
1111100
10 111001
000 11011
100000 1100010
10010 110010
00 11 00111
0 0100
1101 10101 110010 111000 101110
1 0011 010001 1100101
0 10101 101100 0001001 0000101 1110001
1111 001001 001011 000001 0010111
10 1000 10111 010011
001 111 100 0001 1011 100010 1111010
1001 10111 01101
1111
0 001011 0101011
00 0111110
11 01 0100
110 1000010 0000010 0111101
11 00001 101001 1011111
10 00 1110 0001 1111 10010
1111 00010 00011 00101 110001 0100010 1001000 0011000 0110000
0 10 000111
11 011 01011
01010 10110 01000 000011 1011101 0010111
000111 1000001
0 111 100101 0010001
0 10110 1100011
1 1100100
10001 00101
100 111 1101 10111
1 110000
1 1101011
1 000 0101110 1011010
0001 111110 1110100 1011111 1100111
110 0101 01000
1011 0001 000101
11 0100 000101
100101
10100 0111111
101 01100
001 11101 1111011 0100101
0001001
0 000101 001100
0 1011 00111
1011 01111 0110000
010 010111 010001
010101 0000011
11 010 100 1110 0011 11110 00100
11 0100 00100 100000 100111 000000 001011 1010001
0 1110 00001 1110110
11 011 000 1000 0100 10100 00101 001110
11100 1010111
10 110110 0010111 1010000
1110 0101110
10001 011101 000011
0001 1000101
00 101 0100 0101 100111 1100001
110 110100 0100111
01 000 0010 0111001 0010111
000101
0 11 00100 01010
110 1101 10111
100 0110111
1010 1001
001 1101 011010 101111 1001000
1110 011100
10110 000101 011100 001111 0011001
1111 1111000
1 01 001010 1100011
1 00 0111101
01 011 100111
10 111 110101
01 011 11010 10110 001100 0000010 1010111
10 01 010000
00 101 10101 011101 0111100 0100001
001 1101010
1 10001
10011
0100 0010 1101 1111 0110 11101
0 001 100111 111101 1111000 1010110
110111
1010
1 001010 000110
1010 11011
100 1000 01100 00110 1001010
01 01000 10110 1100111
10 10110 1001001 0010011
1 101 1010110 0000001
0 01011 00011
00 01 011110 1100000 0110100 1100001
01 00001 01111 110000 101100 0110101
101 0101 100101
11 100101
01 010 100 1101 100110 011100 1011010
1 1000 0000 0101 0010011
1 011 000000
0110 1100
10111 111000 011001 1111110
010 1101 00100 010111 0101110
010 011 1000 0101 11010 001011
100 11101
1 011
11 10 0001 00100 1011011 0000011
0111
1 11101
1 01011
0100 00100 111001 011110 100101
1101 0110 000111 1100100 0100011
11 011 0111 1011100
011 1110
0 01 110000
1010 00000 10101
11 010 001 100000 000110 0101110
0101101
010 1100111 0011000 0011001
10 0110 10000
01 1011 01010 11111 1000100
01 1011 11111 000111
100 1010 0011 00001 110111 0010010
1 0000011 0111000 1101000
11 110 0011101
01 000 1110 00011 11100 110011
0 1110
00 10 11 11010
000 100 1110 1100 11010 10001 11110
1 10 01100
10 0010 1100100 1000001
0010 0101 100100
01 1011011 1000001
11 00 010 1010 1011 01111 11100
10010 111000
1010 11101 000001 1100110
110 10000 1010010
00 01 10111 000111 1100000
11 01 001 01111
0001 1111 11101 111010 101000 0011101
110100 010011
010 000 011 10010 110110 1110001
10 000 10011
000110 1001101 0011001
0 0100001
11 01000 1000011
00 01 0110 001010 1100000
11 010100 0001000 1010101
11 10011
0001 10010 01110 001001 000001 1110110
00 1001 10001
0 1101 01000 010010 111101 0110001
0000 11010 110110
00110 001000
0001 1010 001100 000010 111000
00 110 00111 1010001
11001 010010
110 1101101
0 1011
01 1001 0001001
11 00110 00100 00101 011000 100011 1110001
11 101 0111 0110 0001111 1001010
00 0100 0110 01000
0000 1111 0100011
110 011 0111 00101 111000 1110101
01 101 10000 11000 000100
1 00 101001
1 010 01101 1110010
0001 1101 0010 1100 01001 00100 101111 1010011 0110110 0010101
1 110010
10 1001 0101 010111 1001110 1101000
0 10000
001 100 101101 011100
1001 011110
1 00
10 1011 1000 0010010
11110 1100100
0000 0010101
000 1110 111010
0000 00001
00 101101
00 11
0 110 001000
00111 10111 101110 1110000
00 01 0110 11111 110100
0 010 000101
0100000
101 111010 000011 1111001 0110001 0100101 0100110
0 010
11 0011 010111
10 00110 101111 100111 0101111
00 010011
1 1001 000011
0101111 0011000
00000 101101
0 1101010 0011001 0110011
111 0100
11 0000 001010 0000010
1 00 000010
10 100011 111111 1101001
10000 010101 111100 1010111
0100 0011
0000000 1101111
11000 11010 00010 10101
00 0100 01001 111100 110001 011100 0010001
101 001000
01001 1011100
11011 0000011 1000111
0011100
01 00 11111 0000001
1 110 0010 10001 1100001
0 01 011
011100 0000001
010101
10 000 0100 11001 010101 0111111 0101000
111 100 0110 1100
0 010001
0010 11010
010000 000000 1100000
00 110 110011 1011011
01 01111
0011 110110 1010111
01 011 011010 0101001
0111 1100 11010 0000001
110001 0110111
00 001010 1000010
1011110
1001 11000 0101010
0110 101110
01 111 0110 11010 1010011
010010 1110000 0001000
01 010 0111 01101
11011 011001 000010 0100101 1000111
011 0110110 1101000
110 001 10000 00100 11101 000111 1100000 1111011
10 00 0110 01001 110010
0 01010 1101001
1001 1100100 0111000 0111011
1 0111 0001000
0 01001
10001 101110
1 1110 0001110
0 1101 111101
11111 0101100
00 10 0100
010 0000 01101
00 01 100 1111
00 001 10100 011110
0 100000 101001
001 01100
1010 1000011
01010 01100 11101 01111 001011 011010 0111100 0110010 0111011
0 11111 000111
001 0111000
11 1010 010001
10 011 1001 11101 100101
0 0001011
0000 0101001 1011010
1011 11011 011111 1101110 0110010
1 100
1 0110 100101 1011101
0010 1010 01110 1110101
01001 100000 011110 0011010 1111010 0010010
111010
010 111 0001 01010 01100 0111011
0011000
1010 1100 0011010
0000 00010
101 0100 11010
100 011 0110 10111
10 11001 11011 101001
111111
00111 00101 0010001
0 01 1100011 0111010
110 101 1000 00101 11100
10 1100 100100
10110
0 1100 0001 0111101
01 011
10 11 10111 1100011
11 0101 10000 110100 0010111
01 11101
1001100 1010001
111 0110 1101 1110000
00 01 10011 1101110
000 0110 1100 10110 010000 000001 1101101
0 0110
10 01011 011110
11111 010000 101100 1001100
0 0100 11101
01 0111 01111 101001
10001 10000 000100 010101
1 00 11000
0 0110110
1111110
1 1101110
00 00100 101001 1000001
100 0001010
01 011 10010 00011 1010111
000 1000 0011 011111 111111 1010011
0101 11010
110 01010 101010 100101 1100001 1000100
1011 00000 10011 100000 111001
0 011110 101011
110 0100 1111 1101100
1 00 111101
110 1110 1010 111010 001100
1 011001 0001100
11 010 00001
0 1101 100000 111101 1100011 0010010
1101 10011 110000 011111 0100111 1111100
111 1010 1100 100001 111100
11 101 0011 11100
11 01 101000
10 001 1011011
11011
111 011 100 10110 1000111
1 0011 1011 100110 0000100
11 10001 011110
1111 11011 1101010
1 100 00010
0 011 0100
01 0000 11001 10011 1110101 0010101
0001 00000
001 010010 000001 100101 0001001 0111111 1101110
10 101 0000000 1001100
010 10010 11111 000010 011110 0010000 1101100
10 0001 11100 0011000
1100 0110 11010
0010000
0010010
00 0001111 1001101 1110001
100 1110 0011 11000 100000 1010010 0110110
1 011 110000
0 0001
010 111 101 1100
0 001 1010
1 11000 1011111
01100
0 0010 11011 100110
0000100
0110000
1111001 1110000
00 11110 1111110
0 1100 111010 101010 0000010
0 011100 0011000
00 1110 11000 010100 101001 0100101 1000101
0100 1110 0110 00101
0010 0101 011011
1100 011010
01 111100
1000 0110 001101
100100 0111001 0001011 1110101
1111010
0110 0111100
010 10011 110101
1 010011
10101 00110 1011101
11 100 1011 00010 0000010 1000011
1 0100 111101 1011010 0001000
100 101010
100 0100011
1110 0111101 0100100
1 11110
1 0001110
010 0011 10000 01110 010001 0011000
0 011111 100010
0010 0111110
00 1011 1111 1110110
110 111 00001
10 0011000
0000
1000 0001 1011 01111 010011 1010000
11 110 001 10110 0010100
11 01 010 10001 00010
100010
10 0010 010000 1101000 1110101
1 0000101
01 01000 011101 1101011
1 0101
01 0000 11011 01111 1000111
0000 11000
10 11 001 11010
001 101 0100 01100 00111 11011 111010 110011 0000010
100 1101 0110 10000 010110 111110 1100010
1 00100
10 1110 0000 110101 000111 0111000 1111111
1101
0
11 10 011 00111 100101
11001
101 000 00110 01001 0010111 0010100
000 0110001
1 000111
0 10 0110011 0111010
101011 0001011
101001
01 0111 01101
11 00001
1 000 1110 1010111
00 101000 111001
11 01 1110 0000 1100 1101000 1100010
0100 01111 1100000
0 11 1010 101110 1011000
0010 110001 1100110 1000001
100 010111
0 010 00110 010100 1101010
00 100 0110 10101 000010 0110010
1110 000001
10 10001 011000
10 100 10011 000000 001111 0010001 1011000 0001010
001 011 1110 011000 0101100 0000011
10 1011 00001
01 110 0001 1110111
00 1000 1101101
0100 11010 0111000
10100 1010001
101 1111 1100011 1011110
11 0000100
011 000001 0010111
11 0100 10000 011011 011001
0 0011 00100 101111
000 0110
11 0010110
01 111 0011 110010 011011 0100110
1111 111010
110 0011011
10 01 0100
01 001 000
00 100111
1 110001
110 1000 1010 0110 1111 0101
0 1010011
110110 001000
1 0100 00011 01110 100010 1011111 1110000
1010 0111011
0001 00111 0100010
11 001 1010 01011 110110
000010
1 110 00100 111010
1 00 0100101
0 1001 00001
1001001
001 111101
0101 011000 1000101
10 101 1110010 1110001 1000101
0011110 0111110
1001100
00 0101101 0001111
010 011 0100 0111101
01 0100 00111
11 0110 10011 0111101
0 1011001
100 00000
00 1110
1101 10001 10110 101001 1101000
01 0000 11011 1101000
11111 1111011
11011 111010 1100000
1 011 0100 010100
11 000 1000
0 10011
1 1001111
10 011 010001 1101101
011 00111 0110001
1 011 00110 0000010
11010 100000
1 00 01
1101 01111 000101 110000
0000 1110
110 001 000 01101
01101 0101110
0 1010
01 110 10011 100000 000001
1001 0011 1100 100100 1110011 1111110
10 101 111111 0010101 1000001
010 1011 01111
1000011
110 1000 1001 0111111
100 0010 000010 001010 1101010 0101110
101 011 0111 001100 1101000
110 1001
010 01000 110001 0100000
101 0101111
011 000 0110 00010
00 1011
1010010
001 1010 101110 1111100 0001000
10 0000
0 1111100 1100001
1001 11011
1111 1100 11010 01011
01 011 0001 000010 000011
11 001 1000 00101 101100
111 1010 10100 001001 1110000 0110001 0101000
0 1000 11100
0010 1001
1 0100 00101
1000 0110 0110100
0 111 0101 10110 00001
011 1111 01001 111110 1110010
00 10 1011 00011
10000 001111 001000 0110100
0 1101100
010 1001 1010 10001 10111 011000 011101 1110101 0010010
00101 0001001 0110111
00 111000 1000110 1001100
000 0111 0011 00011 01000 0100100 1010001
10 1101
11 1010 000110 1110110 0100011
110 111 1000 001100 0110001 1110101 0011011
000 110100 111111
1010 0110001
000 1011 1100010
0010 1000001
000 01110
00 01 111 1101 111100
11 000010
1 1101 001110
1011 010010 101010 0000011 0011000 1111111
0 1001 00011 110011
101 1110 001110 000000
010 111 1011 1111001 0010010
0010 0001010
00 01011 1101000 0010111 1111011
00001 11011 1001000
00 010 01011 110011 111101
011 000 1000 01111 0101011
1 0100 1101 011011
01101 11111 011001 0001110 1000011 1111011
001 111 000 10011 010101 011001 101111 100100
