0 000 101111 0101001 1010001
1 0 11 10 10101 001011
1 10 01 1110 0100 100100 1001000
0 11 001 0111 0011 10000 10010 110110 000010
1 11 00 1101 1010 01101 00000 01111 000100 101101
0 110 000 11010 10001 10111 00000 101001 0111111
1 11 01 0100 1100 11001
0 110 001 000 1111 00110 01101 010100 001110 111101
010 000 0000 110011 0010000
1 00100 110111 010001 1011111 1110001 0101000 1011001
00 01 001 101 01011 100010 100100 1100011 1001111
0 00 00101
0 101 1110 110101 001010 0101001 1011100 1110001
11 00 010 110 001 10000 01101 110100 100100
1 0 010 110 101 0010 01001 110000 001001
1 0 00 0000 0010001 0101101
0 0001 0000 00001 11100 111110 010010 111011 1110011
1 0101 11011 01110 111111 101111
1 11 010 001 1110 1101 0111 0000 01100 001101
100 1100 10101 11111 111111 1100000
1 00 110 111 100111 001010 0110000
1 11 101 01010 10110 110010 011001 101011 011010 0010111
1 00 01 101 010111 0110110 0011101
0 11 00 10010 001000 000011 1000101
11 01 010 0101 01011 111010 110000 111000
10 00 111000 001010 1101011
1 01 100 0001 1101 00010 101011
0 010 101 010110 010100 111011 011010 011100 100101
1 0 11 1010 0011 10110 11000 0100011 0010100
1 11 00 010 0100 0001 0011 00111 00100 111001
1 0 11 0001 10100 01011 00100 101101 1000000
1 010 111 0010 1010
0 10 110 101 11111 00100 110000 100011
0 00 1000 1001 0100 0110 10101 1100100 1010001
1 11 1101 1111 01110 100110 0010000 0011000
1 0 10 11 010 0101 01110 001110 1011010 1000010
1 0 000 100 0110 001011 100100
0 11 00 011 1110 011000 0011100 0011110
01 100 0100 000010 1000000
1 01 111 1111 011001
1 10 000 0011 1100 00110 01011 011101 1000101 0110000
0 010 0011 0110 11101
1 0 10 01 001 111 000010 010011 0100101 1100101
1 01 0110 10101 00000 101111
1 10 111 0000 0011011
1 0 11 00 001 1101 100110
1 0 10 001 101 0101 01111 101110 0111101 0001111
11 101 1101 1111101
00 001 1110 0110 0101 01100 00010 010010 000100 1110001
1 0 10 00 0101 11110 011000 111000 000101 0011100
1 00 01 111 1000 0010100
1 0010 010100 001110 101011 001111 1101010
1 011 11011 11100 1101110 0010011
0 10 00 001 111 011 0011 1011
1 10 00 011 10000 01011 10110 11000 1001101
1 100 1100 10101
1 00 110 1000
1 0 010 1000 0010 11110 110001 1100100 0010010
1 0 01 111 10001 00001 001001 101110 1011000 0100101
1 10 110 111 0001 01111 0101100 0010101 1111010
0 10 011 00111 11011 00101 0011100
0 11 111 011 000010 101111 1100000
10 1100 11010 11000 010001 010111 1111010
10 00 011 1000 0100 00100 0111010 0110110 0000110
1 100 0001 11011 001111 1011011 1101100
0 00 101 1001 0110 110110 1101010 0100111 0101111
10 11 00 01011 00011 1011010
0 0110 01010 01100 00011 11111
1 0 100
1 0 10 00 01 111 1000 11000
0 01 0010 01011 11100 1100111
0 000 0100 1010 0110 111111 0010110 1000100
1 010 100 1100 111000 0110001 1010101 1111111
00 01 001 111 1010 11001 010000 001101 1001000 1000011
1 0 10 011 01101 000011 001010 0100100 1111010
1 0 000 1010 00110 11000 00001 101011 111010 0010100
1 10 11 00001 00100 000000 100110 1110011 0100101 1010001
1 101 0100 01110 00101 010010 101001 1101000 0010111
0 10 11 000111
10 010 101 0100 10000 00000 010001 0010000 0000111 0011000
1 0 11 10 011 111000 100100 1001110 0111001
1 0 10 111 10010 00000 011111 1101110 1010101
1 0 00 111 0010 0000 0011111
1 00 01 1100 11000 000010 1110111
0 00111 000011 101111 0000100 0001100
10 1110 01011 01111 110000 001101 010111 0000101
1 001 1011 01010 11110 1001101
11 01 010 111 100 0010 00111 010011 101010 1010101
1 0 11 01 1001
1 010 001 1000 1010 11101 0100000
1 11 110 000 100 00011 00000 011101 1110011 0100110
0 11 010 001 110 0011 1011 01111 100010 1010001
0 001 101 1101 11100
110 0010 1010 10110 00001 001001 0100101
10 110 000 1000 11010 01011 00010 001111 0010101 1110001
101 0100 00001 01110 101000 011101 101110
1 01 10111 011001 1000010
1 0 100 0001 0110 101100 001011 1000001
0 11 00 01 1110 0010 10100 01001 11110 011100
1 0 010 01100 00111 000111 1011001
0 000 11101 1100000
1 00100 111011 011110 0000100
1 010 001 1000 11000 01111 0000100
11 10 1111 01001 001000
1 11 01 0010 01011 00010 010100
0 001 000001 0001000 0110001
0 10 00 110 0111 010000
1 01 11110 11011 0110001 0100110 0101010
1 10 10101
0 00 01 11001 10000 11011 011000 111100 100111 1100111
1 0 10 1101 0101 11110 001110
0 001 111 111010 010010
11 011 0100 1010 011010 101110
10 00 110 111 000 1000 1100101
000 0001 1010 1111 10101 100001 000110 011101 111000
1 0 11 100 0101 100001 101011 110001 1101000 0010011
1 10 11 000 0111 0000 10001 00111 00100 111010
10 110 101 100 1011 01001 01000 10011 010010 0101011
0 111 0001 0111 0011001 0001111 1010001
10 110 10110 11000 00000 11011 0100010 0010111
1 0 01 010 110 11111 000000 010111 1111001
1 011 000 10110 110010 101101 100110 0011100
1 11 010 110 111 0011 1111 01110
1 10 010 100 1001 1110011 0111011 0101011 1010101
1 0 10 010 1111 1010 11101 001000 0011100
11 0111 0011 01010 111100 0100110
1 01 1110 0111 1010 0011 000110 011101 0101101
1 100 0010 110100 100010 1011011
10 110010 101100 0011001
1 0 11 110
0 0011 10100 11111 111010 0111010 0001010 1001000
01 001 000 0000 01011 101010 0010111
0 11 00 01 001 1110 0001 11111 11000
1 0 01 011 1110 0011 001001 111000
0 01 001 01100 0100011
1 10 101 1001 1101 01010 11011 111010 110010
0 101 011 1010 00011 011000
1 0 01 111 0101 0100 00001 00101 101000
11 101 011 100 00110 111000 101010
01 100 0111 01010 11110 000000 100111 0010001 0010000 0010011
1 0 10 101 10011 001001 1000100
1 00 011 100 0111 0110 00011 11110 111000
0 111 1010 01001 11111 101111 0111010
1 110 110111 0010011 1011001
1 0 1010 10000 00100 01111 011101 1010100 0000110
00 010 0000 11000 110111 0100000 1001100
1 11 1011110 0011001
1 110 0010 11010 00001 110001 010011 0100000
1 00 01 0111 1011 01011 111110 100010 111001 0111110
1 00 001 0110 00010 001010 1001001 1111100
1 11 01 00 0010 0001 0101 10101 10100 110100
1 0 11 110 10010 0110100 1100110 0100110
1 0 10 001 011 01001 001101 111101 1111001 1010011
1 10 111 100 1110 0000 00010 00000 11100 0100111
1 010 110 10010 01011 1110110 0001100 1000000
1 11 111 0010 100001 111011 001100 100101 0111010 0110011
0 11 10 00 01 001 111 0010 1100001 0011111
0 000 1000 001010 0101101
1 0 11 00 01 0100 11011 01110 0000001
0 11 00 010 1001 1111 1011 10001 001111 0011111
0 01 011 1000 1011 11001 01001 10110 010100 1001001
1 0 100 0100 1010 110000 1000011
1 10 101 100 10100 010101 011101 101001 1011001 0101010
0 010 110 001 00001 0000110
1 10 110 1110 0101 01101 10011 110011 0111101 1111101
0 10 11 1101 0010000
1 10 11 100 0101 01110 100010
1 0 00 01 011 000 100 0110
0 111 1110 1101 11101 111011
1 010 001 0111 0011 11100 100111
10 11 110 1110 0001 0110 11010 010101 001100
111 0101 1111 10000 11000 110010 101110
1 10 11 00 001 101 011011 011111 0101000
1 10 110 111 100 100010 100111 1011110
11 100 111010 111111 0001001 1111110
0 11 0010 00011 010001 1101101 0010000
01 010 011 1110 0010 11110 00100 100000 111101
1 11 10 01 010 11110 00001 1101010
0 011 01011 00011 11100 001101 1110101 0100110 1010001
0 11 00 101 0110 010000 1111010 0100110
11 00 110 100 0100 1101 1011 10001 00010 01111
0 011 01111 11100 101100 1101011 1111011
00 000 0101 01100 1100011 0010010
1 0 10 11 101 010010
0 001 101 1010 10001 00101 110001 0100010 0010100
0 00 100 1110 01110 010100 110100 010111 0101100 1011100
1 0 01 010 000 11111 01000 001000 101010 1010011
0 10 01 00 111 0101 01010 001110
0 00 110 1110 0111 00011 011000 011001 1101010 1000000
1 001 011 0100 10001 011100 1001110 0000110
00 01000 00001 001011 000100
00 110 001 1000 11111 011001 1110111 1111100
0 010 001 101101
10 11 0001 11011 100001 1101011 1001101 1100011
1 0 00 001 011 1001 1100 10011 0010001
1 0 11 01 00 101 10010 110111 011111 010011
1 01 110 1001 01010 01101 01000 11110 110110
0 0111 00000 000111
1 1111 000011 1010010
0 11 00 10011 1110010 0010001 1011010
00 010 100 10100 00000 001001 0011101 1100011
0 001 111 1000 01100
0 10 0101 01100 10100 00101 110101
1 10 000 10000 10111 01110 1101010 0111101
1 0 11 10 1011 00111 101001 001100 110011 0010100
00 100 000 0011 101111
1 0 10001 01011 100111 1000001
00 111 1011 01010 00110 11100 011110
1 0 110 1101 10110 11000 010101
10 101 000 1101 1010 00111 100001 1010111
0 00 011 0011 11001 00100 0100100 0000010 1001101
0 11 0100 01100 000000 0000000
001 111 100 0011 10000 10011 01111 110110 001101
0 00 01 110 111 0111 001000 0011010 1101100
11 0001 1011 11011 011011 100011 110011 1101100
1 11 110 100 0100 0010 01101 111110 100110 0110001
1 11 100 1001 11010 01111 000001 1101001 1100101
11 111 111100 0101111
1 101 1101 11011 011110 1101011 0110100 0100101
0 00 10 101111
0 0000
10 110 0110 10011
10 011 0001 01110 00001 001011 011101 111111 1011101
1 011 11001 010000 010111 0111101 0110001
10 110 101 1110 1010 00110 01100 01000 010110 0111100
1 111 011 100 00011 00001 111011 110011
1 10 000 1000 0100 1111 01011
1 10 0111 101010
0 00 01 10001 01100 00101 000110 000100 110110
1 10 001 100 1000 0100 010000 1110011
0 10 010 100 1110 10001 00000 111011 000110 1111010
00 101 11111 00001 110000 0100010 1000101 0011110
1 00 011 100 1010 00011 011011 000110 0101000
1 10 0100 10101 01111 100000 010011 0101001
11 01 00100 110111 1110011
0 101 0000 1100 001110 010101 1111001 0111110
1 0 01 001 0110 010101 0111001
1 11 010 1100
10 1001 0100 0010 01110 101001 1111000 0111010
0 101 011 0101 10100 0000100 0100111
1 110 101 01010 10100 10110 11110 000001 1100110 0010011
11 10 011010 1110111 1101001 1100001
0 01 011 0011 00010 10011 010100
0 00 010 011 1110 1001 1100 10001 010101 1111100
1 0 110 10110 0011111
0 11 11001 11111 010001 011001 0110010
11 00 010 011 000 0111 11001 110001 1101100 0110010
1 0 00 101 1010 01010 00110 11100 000010 101010
1 000 1010 0000 101100 000010 0011001
11 0000 00001 10100 01001 11000 010100 000000 0111101
110 111 1111 00001 1100000 0100101 1001111
1 10 000 0011 0111100 1100001 0111001
1 11 101 0111 010010 100111 100101 0101001
0 110 011 0011 10001 110000 000100 011101 110011
1 0 11 00 010 11101 00101 101110 0110000
0 0111 1111 10100 000101 1010110 0100010 0110011 1001010
0 010 001 000 000110 0000110 1001011
0 10 00 01 110 000 0100 100010
0 10 101 0101 00010
1 0 11 01 010 0110 001001 110110 0010111 0011011
1 10 01 0001 00010 01000 01110 0010001 1111011
0 11 10 001 1010 100100
00 110 101 000 1110 0101 101011 001011
0 110 01000 100001 1101111
1 010 101 1101 01010 11000 110101 011101
1 110 001 100 1001 0000 101100 110101
11 00 1110 1010 10001 01110 001111 1001001 1001000
1 0 11 101 111 00010 11101 111010 0100100
001 110 1110 0010 0001 0111 1111 11100 101101 1000111
1 0 00 011 11001 10101 11111 01110 111010 1011001
1 10 1110 0000 11010 10100 100100 0101101
0 0110 11110 001011 011110 0100101
1 11 01 111 1110 110101
0 01 001 1110 0100 10000 110010 011000 110110
0 01 1001 00111 1011001
0 011 000 100 0100 1111 00010 0101001 0010110 0110011
0 10 1110 0000 01000 001011
0 11 110 0111 01011 11110 100011 0111100
1 0 11 10 00 1000 0010 00110 000110 101001
0 01 01010 01001 010101 100111 1111001
0 11 01 0111 11010 10101 100000 1010100 1001010
11 100 0011 0000 11001 10110 0110100 1110001 0100110
1 0 01 1001 0010 101001 1101001 1001101
11 00 01 0010 0111 0011 001110 100011 1001110
1 01 011 100 0101 011001 111011 110000 1010110 0100110
00 1000 0100 1111 00001 00100 110000 0010001 0101100
0 10 00 01 1111 1100 0011011
0 10 110 101 000 1110 11101 000011
1 0 010 110 0110 0101 01001 010101
010 001 01001 00111 11110 10011 110111 0000010
0 00 101 11110 101101
1 0 01 00 000 01100 000110 001011 000100 111101
101 000 1110 0000 00101 1111100
1 00 010 1000 1110 0011 01101 10100 111110 1111110
0 01 111 011 00101 01111 010101 111011 011111
0 11 01101 00011 01000 000100 1010001
1 11 00 01 110 100 00001 11101 111000 1000010
1 0 11 00 0100 00101
10 011 0011 1011 10100 01011 00010 01111 1011001
0 10 00 001 111 111110 0110100 1110000 0110001
1 0110 10001 10101 111111 1110001 0111001
1 0 10 1000 10000 01100 001011 110101
1 0 01 001 1110 1101010 0010010
1 0 11 00 010 01001 01110 0010100 1100011 1110001
0 01 001 111 10000 10010 100001 111111
10 1100 01001 00111 11100 111001 1010101 0000001
0 111 011 0001 0000 10001 01101 10100 11110
0 0011 10001 0001100
0 011 1100 00111 00011 000000 000111 000101 1100000
1 001 10011 000011 0100010 1011101
1 10 011 0000 11010 00110 10011 000101 100111 1101110
0 000 00000 00001 01111
1 10 11001 01100 00011 011011 110001 000110
1 111 1110 11001 00001 00101 0000111
1 0 10 11 00 010 0100 0010 1111001
1 01 0110 11010
1 0 10 00 001 000 0100 011110 0100110
1 0 10 00 000 01010 11011 011000 011001 1100010
1 00 01 111 01101 100000 011100 1111100 1100000
0 10 01 000 110100 001000 010011 010111 111101 0110100
00 0000 1011 10000 01101 01110 001110 000010
011 00111 010001 011011 010010
1 11 1000 1001 01010
1 0 1110 0100 0101 11101 100011
0 001 111 00101 101010 111101 1111101 1001100
0 01 000 0010 1101 01010 101000
0 11 01 010 1100111 0110010
0 101 111 011 1001 0001 0000 01001 11110
10 111 011 0010 1011 01001 01000 0000101 0010010
01 0111 01010 000001 110011 000101 001101 1101011
1 0 010 110 111 1100 00111 011110 1010010 1100001
0 11 01 011 011111
0 00 01 1011010
1 11 010110 0100000 1000010
1 0 10 101 000 1101 0011 01011 100010
0 10 01 001 011 10101 10100 111010
1 0 010 01010 0101111 0010010
11 011 0001111 1101111
0 10 010 0110 10010 00010 01111 101011 1010001
1 11 010 11110 1100100 1100101
1 0 00 000 0101 00100 1111000
0 00 010
1 011 000 00111 00100 111001 0111011
0 10 0011 0110101 1010000
0 00 111 000 0111 0110 1011 1100 11000
1 0 10 00 010 011 1001 1011 0001001
0 00 00011 100100
1 10 01 010 000 1100
1 0 0001 00011 001010 0101101 0100001
1 00 110 1011 00001 111010 011000 1010100
1 00 100 0010
1 101 0010 0111 0001000
0 11 10 00 001 111 10011 010010 0001010 0110111
1 0 10 100 1000 0101 01011 1000010
1 111 1100 1000011
0 11 110 10001
1 001 0100 010010 111111 100101 1100010 0011110
0 11 000 0001 010010
0 11 110 000 0101 00010 101110 1110111 0101111
1 0 00 010 1110 0111 0101 101111 000101
1 11 0100 0101 000000 101000
0 00 110 0011 0101 01010 00011 01110
0 01 10110 11000 01111 110000 0111111 1100111 1000101
11 01 1001 01110 101001 1110010 1001101 1001100 1011001
1 0 110 100 00001 110100 010101 0111100 1110001 0111011
0 10 0101 10110 00001 001011 0001010
11 101 0111 01100 00010 00100 101011 0111100 0011011
0 10 000 011 0011 011101 1010110 1001110 0001111 0101010
10 00 01 001010 1101110 1011100 0010100
10 11 01 01001 011000 111011
10 00 110 0000 001000 010010 101111
1 0 10 100 1001 1100 00101 1101100
0 010 110 101 1011 10111 011000 100011 011100 1111001
0 00 110 0001 10011 100000 101010
11 0110 0101 00110 10010 11111 11000 01110 100011
10 00 1011 10111 011001 110110 011100
1 10 0000 10000 00010 000101 010010 111001 101110 1010001
1 11 110 011 100 1010 100101 111101 0001101 1111110
1 10 101 0010 10000 010001 1101010 1110100 0010110
1 111 11001
1 001 110 0011101
10 00 110 0110 1011 01110 0001101
0 10 01 000 0100 0011 001110 1000100
1 00 111 1000 1001 10001 110011 001111 1111100
001 101 000 1000 111110 101000 0110010
0 11 10 1110 000100 1110110 0000011
1 10 01 101 0110 111011 101010 0010000
0 10 0100 1101 0110 010111
1 0 10101 010100 001100 000010 1011111
0 011 11001 101100 101000 1011101
0 01 111 101111 0011101 0110010
1 0 01 010 001 11111 1001010
10 0010 0001 1010 011111 000010 1110100 0010000
110 0110 01100
0 11 10011 010101 0001111
1 11 01 10110 11011 010011 100110 0000001 0100001 0011100
0 010 100 0100 001110 011111 1111100 1001011 0110010
1 11 0111 11010 00011 000010 1110111 1110000 0101010
0 01 101 1110 111010
11 00 101 111 100000
1 10 00 000 1010 1111 01011 100000 0110110 1010100
1 00 110 001 0011 0000010
0 01 001 100 1110 1100 110000 101111 001101
11 01 001 100 0000 11010 101000
1 010 1100 1111111
1 0 1000 0001 1100 00000 011100 1101100
0 0001 01000 1001001 0110000
10 0011 01110 100011 1110011 0101100
1 11 000 01000 11000 011010 0111100 0100101 0001111
1 111 1111 010110 1100011
0 010 0000 01001 01011 100000 1101101 1011110
0 10 111 1101 1011 001101 1001110
1 11001 1110011
1 110 111 01100 101011 001010 0000110 1000100
1 01 0001 111010 111000 1010001
0 011 11100 001000 1111100 0110000
1 011 10110 00000 11100 011001 0100100 1110100
11 111 100 1011 10010 11011 011000 110110 1101011
0 11 10 110 0001 0110 0101 00011 10011 0101000
0 10 11 00 011 0001 1111 0101 01001 000110
0 101 01001 010000 1100000 1110101 0100110 0111001
1 0 010 1110 110111 000010 0010011
10 00 01 001 011 000 100 0111 11011 1110011
11 00 01 101 11000 001001 0001011 0010011
1 00 1110 0100 01001 0001011 1100011
1 11 00 010 111 1110 010100 001010 1010110
11 10 00 010 101 11111 111100 000000 1101010 1011000
0 10 0010 0001 0111 10100 010010 011110 0011010 0110111
1 1101 11010 00110 10100 000100 001001 1110101
11 01 110 01100 11111 010001 011101 1011011 1101110 1001011
1 10 1000 0110 10001 00110 100001
11 00 01 111 0010 10101 10010 10110 00000
00 101 0010 01110 011010 1000101
11 001 111 000 0100 0010 000011 001111 1010010
1 11 10 00 111 00011 011111 001010 1011110 1101001
1 10 000 1101 11000 001100 0000101 1000001 1011001
1 11 0100 11011 01110 1001101 1110101 0010111
0 110 001 000 0011 01101 11110
0 10 11 1000 1101 0111 1100 01010 01001 0000111
10 001 000 0100 000110 1000110
1 110 1000 1010 1100 00001 101100 100111 1110110
0 10 00 101 111 1001 110100 100111 0000010
1 0 011 100 01011 01000 00001 011001 101100 100011
0 001 111 0111 1011011
0 000101 000110 0000000
11 0010 1111 100010 101101 111000 010111 0111110 0111011
0 00 1110 10111 0010110
0 00 111 000 1011
0 011 1110 0101 011111 0101010
1 00 0100 1100 11000 1100010
1 111 100 1100 01011 00010 100011 001010 0010010 1010001
0 01 010 011 0110 0000 01100 11011 110110
0 11 101 000 0000 010000 111111 0001101 1000111 1001111
0 10 0010 111011 0110100 0000111
1 0 00 0000 10000 01101 00000 0111100 1100011 0100001
01 110 0100 110110
1 10 00 01 111 0001 10000 01101 111100
1 0 01 1000 01000 011001 1000011
00 11 001 00100
0 10 01000
11 001 111 0110 10000 00010 11011 0110001
10 01 001 011 0001 110100 111011 0110001
1 0 00 001 011 01010 0111101
0 00 001 111 011 1000 0101110
10 01 0010 11110 00001 000011 0101001
1 001 011 01100 101010
1 0 11 10 01 01010 001110 010111
1 0 1111 00111 110010 100011
1 10 01 110 011 01010 001101
0 10 00 001 011 100 0111 0001111
1 0 01
1 11 00 000 11001 00110 000100 1000010
1 101 1110 10111 00101 0011001 0000101
0 11 110 111 1001 1101 1011 110111 011001 0111101
0 01 111 1000 0010 0011 001110 010010 1011100 1000111
1 111 1010 1011000
1 0 00 111 000 1011 1100 10011 0111000
1 0 010 110 1110 1010 0101
1 0 010 100 1101 000011 111000
1 01 110 011 1010 10010 110111 011111 101100 000111
1 0 101 11001 00001 11011 011001 0000100
1 0 000 10101 110001 101101
10 11 100 0010 0110 01001 000100
01 011 00100 01110 101101 011110
0 101 1010 10001 00100 010101 101011 011010 1000001
0 01 011 0001 1010 111011 101101
1 111
1 00 111 1101 0110 01100 11110 0110001
1 0 111 000 0001 1010 0101 10101 10111 0110101
00 000 010110
1 0 11 10 001 101 011 10111 0011100
0 00 1011 01101
0 1101 1011 00010 11101 0010010
11 110 011 1001 0100 1010
1 00 01 001 101 1111 10010 0001001
1 0 01 1001 1101 1011 1011110
10 111 1001 1111 010111 1101111 0100101
1 0 010 000 0001 1010 10101 001011 100101 1011110
1 0 11 110 001100 001111
11 01 100 0101 0100
1 00 00100
1 0 00 001 111 101000 001100 1101100 0110010
1 11 010 11000 110110 110011
1 0 01 010 000 0110 11010 011110 1110100
0 11 01 1010 01111 111110 0000111
1 011 0001 0110 01010 100011 100111
0 00 111 011 01101 11011 010011 0011101
0 11 01 000 10101 10111 001101 1101110
1 0 000 1101 1111 0101 111110 1110010 0011011
1 10 111 0100 11111 00001 011100
010 100 1110 0101 11101 010000 001001 1001001
0 01 0101 000010 110011 111111 1001100
1 000 1011 11011 001110
0 10 100 0010 0101 000000 001011 1000100
111 1101 0000 00111 001111 1111001 0000000
1 0001 111111 0000101
0 11 01 111 100 0101 011110 111111
1 10 00 110 0011 0110 1011 0000010 1001011
1 11 011 1101 1111 1100 11111 1000110
0 11 001 111 100 1010 000101 0011010 0010010
00 010 011 01011 11100 001000 110000 100111 0011111
1 0 10 00 111 0011 001000 101001 0110011 1111101
1 101 011 01010 111010 101101 110011 1111101
0 10 00 11110 010001 101000 001111
0 01 111 0010111
1 0 00 01 100 0011 110001 010000 000011 1101100
01 0100 0000 10001 10100 01001 01111 100000 100001 1101010
1 11 00 01 0101 0110 110010 0010011
00 1000 0011 0101 10101 010100 100111 111001 0111101 1001011
11 00 1110 1111 0100110
01 101 0110 01101 0101101 0110000
1 0 10 01 110 100 0001 00100 010001 011011
1 00 100 01010 11110 101001 0101111
00 001 000 111101 0101111
0 11 110 1001 10000
00 010 000 0001 11101 000011
1 10 100 11001 000110 000010 0101100 1001001
0 1111 1111111
10 100 1000 1011 00011 001110 111010 001001 100011
1 10 110 00100
1 1001 0111 0110 010101 111110 001111 0111101 0101010
0 11 01 010 01111 001000 011011 000100 0110100 0101110
1 00 01010 010101
0 01 101 1011 00110 00101 1000011
1 00 010 0010 0011 0000 01100 0010100
10 11 101 111 100 01101 100011 1010011
00 110 100 1000 1110 0000 1111 010110 101010
00 100 0000 1011 011000 101010 0001010 1000011
1 10 01 1001 0010 0000 1111 10011 111000 1100011
111 1101 0111 111110 0001011
1 0 001 011 000 0010 01101 111001 000100 0000011
1 1111 11110 110011 100010 001100 0110001 0111110
0 11 10 001 1010 11001 10010 0001011 1100100
10 000 11110 11101 010000 1111001 1001010 0100101 1000010
0 111 01101 110100 001000 0000011
0 10 1010 0101 100010 011101 0111010
000 0000 0010 10010
1 11 0010 1101 1100 11111 1011001 0101000
1 110 111 1000 110101 001111 1110110 1011100
10 00 111 011 000 0101 100001 011010 1100011
1 0 11 01111 1011011
1 10 111 000 110111 101101 1101001 1011111
0 10 01 100 1000 1100 000000 1001111
1 11 00 0101100 0110110
0 10 00 001 1011 011001 0010111
0 10 1011 10111 11111 111100 1111000 1000100
1 00 111 1110 1100 0101 110001 1001100
1 0 01 001 11011 1111100
1 00 000 1000 1011001 0100110
0 00 010 000 1000 111100 001101 011100 0010100
1 0110 0101 01100 111100 110001 111111
00 011 1011 110110 0001101 0101001 1100110
0 110 100 000 1000 1101 010100 000111 1010000
1 0 10101 01101 10100 00010 011111 100101
00 01 00110 10011 000110 1001100 0101011
1 10 01 1001 000010 010011 0000000 0101110
0 11 01 101 0101 1110 100001 000000 0010111 1001010
0 01 110 000 00001 001010 0010000
1 010 011 0011 000001 1111001 0100110
11 100 01100 01111 110010 110000 001011 000001
01 111 0101 01010 010010 0000100
1 11 00 0100 0001 11010 111101 1110110 0110101
10 01 110 000 1011 1110100
1 0 101
0 00 01 000 0001 1110000
00 01 010 001 01011 011010
0 10 101 010110 000110 000010 0001100
1 0 01 011 01100 00101 000111 1101111 0101011
1 100 1110100 1100111 1000100 0111001
0 10 111 1001 11101 101011 010010 111101 0110000
11 01 100 1010 111110 000000 101000 001100
1 0 10 000 0110 01110 111001
01 0100 010001
10 01 001 101 111 1011 10100 111001 110110
1 11 111 010111 1011110
0 11 01 0000011 0100011
1 11 00 01 1111 11100 11111 101010 0010010
10 11 010 0101 00110 10100 00101 110101 010111 0101000
1 0 1010 00001 100110
1 11 01 001 101 011 1100 11101 0000111
0 011 0011 111000
01 010 110 011 100 1100 1101100
1 10 101 1110 000101 1010110 1110111
11 00 0101 1111 10001 11110 0001001 0111001
0 01 111111 1010100
1 0 01 110 10110 1101100
11 01 101 000 0011 1111 01011 001001 1010011 1110101
1 0 10 000 11000 0011100
1 1000 0101 11001 01101 10011 1010010 1011000 1001111
10 00 0100 0010 0011 0101 00100 10011
0 0010 10100 00111 01111 100010
1 10 010 011 1111 11100 011010 0110011
11 111 101000
1 11 01 1001 00000 010010 1000110
11 01 11111 11110 1001010
00 011 0011 1100 0100000 0100100 1100100
1 01 101 111 0101 1011 0111100 1101110 1001111
0 10 00 100 0100 0111 01011 00011
1 10 1011 01101
1 0 10 001101
10 000 0011 10001 10110 01000 00100 01110 111010 000010
1 0 01 001 10101 00100 110101 1101101 0101000
0 10 11 0001 1011 01101 0111011
1 01 100 1000 0010 1010 111101 0110010
11 01 110 100 1100 0101 01001 1101110
1 01 001 100 0111 11001 00101 101111 0010111
1 11 110
11 110 011 1100
1 110 0010 10111 010011 1111001
0 100 0000 01110 110010 000110 111101
0 11 00 0011 10110 100000 0111010
0 10 11 00 100 0010 00101 110011
1 01 110 0101001 0111000
1 11 10 110 000 10111 11110 0111110
1 001 1001 10001 01001
1 0 00 100 01101
10 00 001 110 00101 10011 0110100 1011001
1 010 111
0 0011 11001 000111 001101 0001101 1101100 1000111
0 00 110 0000 1011 01100 011000 0011001 1101100 1110001
10 00 010 110 011 000 101011 111110 1011011 1011111
1 10 1010 1100 010010
1 0 00 10110 0000100
11 00 011 0000 11001 00001 10010 010100 100100 1011100
1 0 10 00 101 100 1111 000110 000001 010011
010 101 111 1010 1011101
1 0 1010 010100 000100 0000000 0111100 0111101
1 11 10 111 0000 00010 0000011 1100100 0011111
1 00 011 000 01111 010111 1111010 1000011
1 10 11 010 011 1010 10100 111001 0100000 1000110
1 0 10 00 101 011000 001011 101101 011010 0110010
10 001 101 1110 0111 0110 100000 110001 1100011 1000001
1 000 11100 001110 111000 101010
1 11 10 0111 0101 010000 1010100
1 00 011 000 1011 10000 01111 101000 100101 0000111
1 11
0 000 00011 0011001 1001000 1010001
1 01 111010
0 10 1100 01100 00000 00101 01111 000101 0111000
1 0 1000 10011 1001101
1 0 10 00 00000 111001
1 0 00 01
11 111 100 1110 00101 1100010 1000001
1 10 00 010 0001 1010 010011 0001001
10 001 101 100 0001 1100 11000 00001 00101
0 001 00010 1001011
1 0 00 01 011 11001 00100 011001 111110 0100000
11 011 1110 00101 010101 011010 100101
1 00 101 011 000110 011101 1110010 0111111 1001100
1 100 1100 0101 00011 11111
1 00 01 0010 00000 1001100
1 111 000 0001 1011 1111 01000 011000 000111 1000001
1 0 10 010 111 1010 0001001 0010000 0100110
10 01 1101 011011 1111000
1 0 100 1100 10011 011011 110001 1011000 1001011 1000101
1 01 001 110 11001 11010 10001 01011 011011 100101
1 10 00 011 00101 101111 0100101
1 00 10001 01101 110000 001011
1 10 01 000000 100100
11 000 1101 0111 10000 00000 11000 010001 1010011
0 10 01 110 1011 1111 01011 01000 0000011
1 11 101 00000 100111
1 0 11 00 01 101 0110 111001 1011111 1111101
0 00 001 0101 01000 00101 1110001
11 01 001 101 1111 1000011
0 010 101 111 00011 111110 111100 0010111
0 00 01 101 011 1110 10101 00110 010010 0000101
10 00 01 010 011 11001 1000001
1 0 01 1101 01100 10110 10011 0111000
1 10 00 100 011000 000110 0110101 1001111
1 0 110 101 111 11001 10110 1010010 1001010 0000001
1 0 00 101 0010 1010 010000 0010011
1 01 110 111 0101 1010 00110 00000 0001101 0100010
00 010 101 100 1010 0101 10111 111110
1 0 10
0 110 100 000 0010 0010001 1111100 0010000
1 0100 0110 10101 10100 11100 110000 1010100
0 00 111 011 000 0100 1010 0110 00100
00 101 000 01101 000100 100100 0001001
1 11 01 111 1101 0111 10000 01000 100101 1111011
1 0 11 101 0010 101100 1001110 1000110
0 11 00 0001100 0011000
1 10 00 01 000 1011 10111 011111 0001101 0110000
11 10 010 110 100 1011
10 11 00 01 001 000 100 1011 00101 1010111
1 11 10 01 010 011 100000 0010111
10 00 010 11010 011110 001011 1011010 1000000 0000110 0101110
1 10 11 01 101 1110100 0010010
1 11 001 0110 1011 00001 111001 1110011
1 11 10 01 1000 0000 001011 0010010
0 11 01 000 101101
1 0 11 00 1100 00010
1 0 10 00 001 1001 001110 111100 0001010 1010001
00 111 011 1000 0011 0110 11000 011001 110101 101101
0 00 11 1110001
1 000 001 110010
1 010 100 000 1110 000111 111000 010111 0111010
1 0 10 0011 00111 100010 010011 0111100 0000010
11 00 01 1001 00101 110100 101100 001001 001101 1100101
1 11 010 11111 101000 000111 100100
0 10 11 00 0010 0111 1011 1010010 1001101 1000111
1 10 01 111 0100 01110
1 0 100 1110011
0 01 110 001 101 0001 01100 1111110
1 10 01 101 0011 11000
1 00 1100 10000 00010 11101 011111 1111000 0100011
111 011 1001 0011 0110 00111 1101111 1100011 1001111
0 01 100 0010 110001 110101 1111001 0100101
1 011 110111
1 0 10 00 100 0111 11101 110001 001010 1000111
0 11 01 111 100 01100 101011 101110 0001100
1 0 1001 0000 1000010
1 01 11101 0001000
1 100 10011 111010
0 10 11 1001 1111 10010 11111 101010
0 11 001 111 1110 10110 001011 011100 1011000 0111101
1 0 11 01 010 101 111110 111100 000001
10 01 010 0101 000101 0100111 1001100
0 000 0000 10001 111101 1000101
1 0 11 00 101000 1111001
1 111 011 110000 011111 0111101 1101110
1 10 101 1110 011111
10 00 010 111 000 0100 10010 0000110
1 110 1010 0000 00101 111011
1 0 10 101 01001 010001 1110000 0011100
0 101 0010 1011 10101 101011 000101 001010 0101100
11 00 010 0100 1101 0000 11110 100100 0111010
1 0 10 11 110 011 0111 11001 11110
01 100 1101 0101 01011 00001 01111 1000011
01 010 000 1001 1100 11001 001000 000101 1011000 0000001
1 11 10 101 000 0100 0111101 0111110 0111000
1 11 011 0100 1101 1001100
0 11 10 110 1000 0101 01101 11011
110 101 11001 01110 11110 100010 111111 1111000 0000000 0001100
10 010 001 100 1000
1 0 11 001 01111
11 101 011 0100 1011 011011 010011 1111000
00 01 001 111 1000 01010 001011 0100011
00 01 101 000 1011 00101 01110 011011 001011
1 10 110 101 1110 000100 0010000
0 01 010 100 1000001 0101110
1 00 0000 10110 10111 110011 011100 1100010
0 101 111 0011 10101 00100 100110 0100010
1 11 01 0101 1001 101011 000000 101001 1110100 1100100
1 11 0101 10010 10110 11011 1110010 0001001 1100110
10 11 1001 0011 11011 001110 1110010 1111110
1 0 11 0000 10010 11111 011111 0001100
1 00 111 0000 1011 100001 010010 100011 0010110 1010001
1 0 00 01 000 1000 1101 1100 000110 0001101
1 10 010 0101 01001 11000
10 110 101 10110 010110 0100101
0 11 10 11100 1110100 0111000
1 0 00 110 011 11001 100001 000111 1011000
01 100 1101 1111 00010 00101 111011 0110010
1 10 01 001 011 1000 1011 01110 011110 0011101
11 0000 1111 101100
1 011 000 1110 0100 1111 0011010 1100001
0 10 101 111 000 100 0111 1010 01101 0000111
1 0111 0011 0000 01010 00000 110101 010111 1101100
01 101 1011 1100 00001 00100 100100 1101100
0 10 01 001 011 000001 010111 1010111
0 00 01100 01111 11100
0 00 101111
0 101 011 100 1101 0101 11100 1110111 1100111 0001111
1 11 00 0101 10001 0100100 0010111
1 0 10 1010 00110
0 110 101 00101 0011001
1 10 101 1010 1011000
1 11 01001 01011 10110 1010010 1111011
10 01 1101 01010 11101 100000 0000011 1100000
0 10 00 0010 0101 111110 111100 1110101
0 10 11 1001 1101111
001 000 0101 10101 01001 100101 0011010 1111100
00 01 0110 1100 10110 010101 110001 000010 1010110 1000010
1 11 00 01 111 000 11000 101010 0110011
01 011 0111 1111 00101 01110 110101 110011
1 0 010 11110 10011 001100 0001101
0 11 00 1001 0110 01100 10111 11110 00101 1011000
10 01 010 000 00011 10111 010100 100011 0100100 0010110
1 010 001 11001
0 0000 101111
0 10 00 01 110 1101 10110 1011111
1 10 01110 1111110
1 0000 11000 00001
11 00 100 00101 101100 1011001
11 01 010 100 0010 0111 10011 0111010
1 10 0111 1010 00100 0110100
1 11 00 010 1101 10100 00111 101001 1110011 0011001
1 0 101 1001 010011
1 0 11 101 0111 01110 11100 001000 010000 1001111
00 010 011 000 0011 1111 01010 10100 00101
1 0 10000 00011 110100 111100 010111 1100100
1 010 110 01001 1010110 1011010 0111111 1001101
0 011 0000 010010 000100 0001010 1001011
0 0001 01100 00110 11111 101111 1100010
0 010 0111 11010 10100 111001
1 01 1100 00110 00011 100011 1001011
1 10 110 0011 0001011 0000001
0 10 11 100 000 1111 1101001 1100010 0100001
0 10 00 010 101 100 01100 10111 010100 100111
1 10 000 100 00110 11111 11100 000101 1011011
1 0 0001 1101101 0000011
1 00 010 101 1110 00100 00101 1100100 1100011
11 01 000 1111 0011 00100 111001 1000100 1011111 1100011
01 010 101 111010 111100 111111
1 00 01 101010
1 00 10 0101
1 00 001 0000 10000 01101 10011 100101 1001011
1 0 1000 01010 011111 000111
1 0 101 10101 110001
1 0 10 10101
1 0100 0001 0101 01000 110110
1 00 01 010 110 0001 0000 01001 100011 001010
1 10 110 111 000 0100 000110 100010 101001 0011101
1 0 00 1000 10110 11100 110001 011101 0001000 1100101
1 00 01 111 011 1001 01000 00000 0000100 1101111
0 11 01 1011
11 0110 100001 110110 1010100
1 110 101 011 1010 0000 11100
11 01 00 011 11111 11100 011111 011101 100111
0 10 0010 0011 1011 0100010 0100101
1 10 00 011 0010 0111 001001 0011010 0000000 0011000
1 0 11 001 011111 0110111 1010001
0 11 00 01 011010 111000 1111101
1 10 00 110 000 11000 100001 000101 001010 1001000
0 11 10 00 1110 0001 00001 010000 010111 1100010
1 11 01 010 101 0001 01000 110100 010011 0010101
0 01 011 1101 0111 0000 1111 01101 00010 1001100
10 00 01 1101 00110 01001 01000 01110 101000 1011111
1 0 0010 0001 1101001
1 000001 0000011 1010101
0 10 010 101 100 0010 01100 10010 1010100
1 10 010 0001 0100000
0 11 00 010 011 0011 10100 00001 010010 111011
1 0 101 00011
1 0 01 111 11001 11101 100001 010101 1011101
1 001 00100 0110011
1 0 11 0100 10001 01010 01100 100001 011010
1 0 11 01 0000 00011 01111 1100001 1101110
11 110 10100 11111 000110
0 010 001 0111 0101 11001 01011 0000001 0011100
0 00 000 1101 10001 11110 110010 100001 000111 0110100
10 00 101 011 10100 111010 010111
01 001 111 00101 1011110 0101010
0 00 0100 1101 10000 00001 110100 001001 0111100
1 011 1110 0000 110010 0111100 1000110
10 11 011 0010 01011 0111110 1010111
1 0 10 00111
1 01 101 0010 0110 0001000
0 11 01 001 111 100 00001 111101 1110101 0110000
0 11 000 1100 010111 111101
1 10 101 0110 0101 011011 100011 011100 0010101
0 01 011 000 0001 1010100 0000110 0010111
1 01 110 100 1101 0110 01101 10111
0 00 011000 111110 100101 0110101
1 0010 11000 011101 100101
00 01 1110 1011 110001 1100001 0101110
11 111 1100 01010 1001011
0 10 11 1111 11101 00010 011001 010000 0001101 1100010
11 100 1110 0100 0101 00011 10011 001101
1000 0110 1111 11010 11111 00000 01110 010011 1111110
0 110 100 1111 0001011 0011001 0111101 0111001
00 100 01000 101100 000010 1111000 0100010 0010101
1 010 000 100 0010 01001 11100 000101
1 10 01 101 1110 00111 1010110 1011111 1101000
00 111 011 10001 001000 001010 0000000
1 0 00 01 1000 00110 110011 001100 1001111
1 0 01100 11110 010001 0001110
1 0 00 010 001 100 1001 10000
11 00 101 01011 000010 0101111
10 00 001 0111 11101 110010 000101 000111 1010011 1000011
10 101 0000 10101 1110000 0001000
11 101 111 0011 1011 01100 00011 000110 101001 1000110
0 11 000
1 10 01 00101
0 111 000 11001 111110 001111 1010101
01 1011 11010 110000 110101 011101 111000
0 00
0 011 1111 1100 11111 100111 1101110 0111110
1 0 00 011 1110 111000
11 0000 1111 1101000 0111110 0010011
11 1101 1010 0000 111010 011010 1010111 1110100
11 010 110 011 0010 0110 11001 100000
10 11 00 01 1010 10101 00101
1 1001 0001 1010 10011 101101 0010000
0 01 00101 110001 1010010 0100111
0 00 00010
0 010 001 011 000 00100 101011 100111 101001
001 0001 1010 0101 10101 001110 110001 011111 000111
1 0 100 00011 00001 110011 1010010 0110110
1 0 11 010 110 011 00101 100010 101001
0 10 101001 1010100
10 11 110 101 1101 1100 000010 001100 1000000
1 11 00 01 101 0101 0111 110110 101010
1 1001 10000 110000 1110011 0010011
1 10 01 101 0111 010110 1010010 0111101 1111101
0 10 111 0100 1110111 0110100
0 10 01 010 101 0000 0110 1011 1010011 0001100
1 0 11 0100 11000 11110 111100 101101 001111
1 01 110 00110 00101 01110 101111 000111 100111
1 001 10000 10100 10010 00010 10011
1100 00001 00011 110101 110110 000101 1011111 0111101 1100110 1011100
1 010 111 110101 111000
1 0 1100 01011 000010 101110
11 010 11111
0 01 110 0000010
00 10011 100000 010001 111110 0101100 0100011 1000010
0 010 00100 011010
0 10 01 1110 10001 10010 11111 1101111 1110001
1 10 101 111 1010 1100 11001 1111000 0010000 0111011
1 1110 0111 011111 0101101
1 1101 10111 00001 001111
10 01 110 1110 1111 10001 01001 00100 110001
1 01 010 10101 01111 110001 0000100 1011111
0 10 00 110 111 011 11001 1001110 0101010
001 0010 01010 01001 00000 100000 1110111
0 00 110 100 1001 00101 011100 0111011
01 010 011 01101 0101001
0 1100 00111 110001 0001010 0011111
1 0 1111011
1 00 01 101 1101 0111 1011 101111 0001001 0010000
1 11 100 11100 0110001
1 0 00 11010 00101 0110111
11 01 000 1011 0101 010000 001101 1010110
1 01 001 0101 1101 1010 00110 00100 101010
1 110 100 10101 01100 00111 00101 101100
0 11 00 10001 110010 001100
1 01 110 10001 001100
0 00 001 0100 0000 10000 01100
0 00 01 0110 1100 11001 111100 1001101 0100101
1 11 0101 10010 100011 0000011 0000101
10 01 101 100101
11 00 001 010101 100011 001010 1100111
1 00 101 1011 10111 110100 001111
0 10 11 101 0010 1010 10010 00001 0111010 1000000
1 10 01 110 0111 1011 1100 00000 0000011 1010100
0 01 0111 00110 11101 001100 011101 011100
0 01 010 10110
1 0 11 001 100 1100 11111 01111 1110010
0 10 01 001 110 0111 001001 101000 011110 1001110
1 0 101 100 0001 1111 10100 10111 101011
10 00 001 000 0000 01010 00001 0010000 0111101
0 00 100 0001 0000 11001 10001 001110 010010 110110
110 100 01101 10110 100100
10 00 001 101 000 000000 000111 111111 0111010
00 101 111 100 1001 0100 100001 110010 111001 110110
1 001 101 1011 1100 00010
0 010 00100 111100
1 00 01 111 110010 010010 111011 111000 0100000
0 01 010 1101 0101 001110 001011 001101 1111100 0001000
0 011 10100 111001 0110101 1000011
1 0 0100 1100 10111 01110 001000 0000101
1 111 1001 0001 00011 011101
1 01 010 1101 0101 10101 00001 00100 10011 0010101
10 01 000 0011 1011 010000 101110 1101101
1 0 10 111 000 1010 01111 000111
1 0 0011 0101 11101 0011001 1000000
110 0010 1010 10101 00110 011000
0 10 01 0001 1100 11010 10100 111100 100011
1 11 10 00 100 1011 1100 1000100
1 0 101101
0 0010 001000
1 0 10 111 1101 100000 000001 0001001 0111101
1 11 00 111 00011 111010 000111 100101 0100000 0010101
10 010 001 101 000 01010 01101 01111 01110 0011110
0 11 001 011 0100 0001 1101 001110 1101111
010 1001 0011 0000 10100 00111 001010 1001101
11 10 01 0000 10001 10000 01000 111011
1 0 1000 1101 1111 11001 10001 00100 1111001
11 10 01 00110 10011 11100 011101 010111 0000000
1 0 11 0100 0011 00110 10010 010010
0 11 10100 1110100
1 10 00 100 1001 0110 1011 100100 0001001
10 01 110 1010 1011 0101 10001 010001 0111111 0011110
0 00 011 1010
1 0 10 0101 11101 100001 100100
1 11 00 110 100 1000 1001 00110 011111 110110
1 0 10 01 010 100
1 0 11 10 01 0101 01001 1011011
1 0 10 101 100010 0010000 0110111 1111111 0111001
11 101 1000 1111 0101 100100 101001
0 01 000 10111 101110 0100011 1100110 0011000
0 1101 0011 10110 11111 110000 101101 1110011 0010000 1111010
1 101 1110 0001 0110 110111 1111110
1 10 01 110 111 1111 00110 1100000 0010010
1 0 01 101 1001 01001 01110 1101101 0100100
0 00 01 1010 1111 100011 0010111
11 11111
1 0 10 010 101 0010 10101 10100 00000 101011
11 00 010 111 1000 0100
1 0 10 101 00110 0010111
1 0 00 110 0000 1111 10101 10110 011001 011100
0 110 1101 11010 01011
1 0 00 111 1101 01011 011011 000100 000010 1001111
10 01 101 011000
0 00 01 110 111 000 1000 01011 00001 0100010
1 11 110 101 0111 1100 011000
0 10 1001000
11 10 010 111 0111 11110 010010 1111001 1101100
11 101 100 1101 1100 01000 10011 101011 011000
0 10 1100 10100 0000011 1100011
0 11 01 010 110 101 11011 011010 101111 0110000
1 10 00 10111 110111 1111011
01 101 1000 0110 1100 110100 1101110 1011101
1 01 011 0010 11010 011011 110101 1011000 1010111
1 00 00110 00000 000011 0100001
1 10 110 0110 10110 11111 1011111 1000011
1 10 010 0011101
1 0 10 001 101 100 1000 00111 0110101
1 0 001001
1 101 0001 1111 11000 010010 110110 1111001
0 10 01 1110 00111
01 000 1001 0011 0110 0000 11100 111111 0000100 1110001
0 00 111 1011 010001 000011
1 10 001 0010 011111 0110110 0010101
10 000 1101 0101 01010 10111 101001 1000011
1 0 000 11110 1010010 0100011
1 0 010 001 100 010001 0001001 1100101 1111111
1 00 110 00011 110111 001111 001010
11 00 010 1110 1011 01001 100000 000100
1 01 011 11001 10010 010101 100110 1101111 0100101 1001011
0 000 0101101
0 01 001 1001 00011
1 110 101 01110
10 00 001 0010 0011 111110
1 10 00 100 1110 10101 00110 100111
1 001 101 011 000 1100 0000100 0001101 0011011
10 00111 0000000 1110001 1000101 0011110
101 011 000 0111 1010 00100 010100 100010 100100
0 01 010 001 011 1111 01010 00010 100000 101111
0 11 10 001 011 0111 1010001
10 01 010 001 111 0110 00011
11 00 01 110 011 10110
1 10 101 0000 111110 000110 1111100 0111100 1100101
0 11 00 000 10100 00000 001000 101000 0110111
1 11 010 011 0111100 0010010
0 010 0101 11111 01000 111000 010111 0000110 0011110
0 10 11 001001 1010010 0111000 0011110 0110000
0 11 101 000 1101 00111 1001100
1 010 0100 1010 0000 10111 101001 111111
1 11 10 011 000 10010 10110
1 0 010 1101 0000 1111 01100 01000 000001
1 0 001 100 1000 1101 01011 10011 0100101 1000001
11 01 110 0101
0 00 101 10101 01011 010110 1101010 0001011 1011000 1100010
1 0 01 000 1001 0001 00000 0101101 1000100 1000010
1 10 010 011 1010 10101 0110001
0 010 111 11101 0010110
0 10 1000 1011 010111 0010010 0010100
01 001 101 100 01000 110010 001010 101001 0011001
1 1000 0000 1111 110101
0 11010 11111 101101 1111111
0 00 01 000 0100 01101 010100 001011 1001100 1001011
010 001 000 00111 10011 110010 1010010 0110101
1 0 10 01 0001 11000 1101001 1000001
0 10 1000 10001
11 01 001 101 1001 1010 100101 0100000 1100101 1001011
1 0 101 0011 10101
01 010 001 1000 1101 01001 010000 0101100
110 001 011 0010 10101 11101 01110 1000001
1 01 011 1101 1111 10101 0000100
1 0 10 00 110 1101 1011 11001 011011 1000000
1 0100 0111 00011 11111 100011 0100111 1010111
1 0 00 110 111 10010 110100 0100011
0 01 000 10111 11101 001001 101000 1010010
1 0 0010 0110 10101
0 111 1000 000010 101010
10 001 0010 0011 1100 01110 111011 1001110 0101110 1010000
0 10 11 101 1010 0000110
10 010 110 101 1101 0111 011101 1000111
0 010 0000 0111 00001 0010000 0010110 1111111
0 00 01010 100010 000000
1 10 11 1100 100011
0 011 1001 0010 1111 010100 001100 1111001 0110000
1 00 110 011 100 1001 110100 0110110
00 001 1010 11010 10011 101110 1001010
1 0 1000 11110 11011 010101
0 10 100 1000 1110 0001 11101
0 10 011 0000 10000 01101 00000 111100 001010 0110011
1 01 1111 10010 10111 011011 110000 1111000 0111111 0010101
1 11 00 110 0011 1111 010010 1101101 0100001
11 01 101 111 1001 1111 011011 111011
0 11 110 111 1001 0010 00010 001010 0010111
1 00 010 0100 0011 111010 110000
0 01 10001 10011
1 0 10 00110 010011
0 11 001 000 1000 01001 01000 1001100
10 11 01 011 000 10101 001110 001100 1101000 1000001
1 11 00 0010 00000 000010 1011111 1110001 1011001
0 10 10011 001111 0110101
1 00 0011 10001 01110 000111
1 10 00 01 0100 001110
1 010 000 0010 00111 11100 000110 0111000
1 0 10 001 111 01000 00001 1100001 1100111
0 11 010 011 000 100 0001 11010 0001111
1 11 01 1101 10111 111110 101001
11 101 0011 1111 010011
1 10 01 001 000 1101 0001000 1000011
0 00 001 110 0000 010010
0 001 101011 0100100 1101101
1 00 011 0010 1101 1010 0111100 1100111
1 100 0101 01100 110001 000011 011010 0001101 1110110 0110011
0 010 001 10010 10110 11000 10011 0001110
1 11 0101 01010 00110 11101 101111
0 110 1011 1100 01001 01110 1101001 0011100 0101110
1 010 0010001 1010010 0100011
0 111 1110 10101 0111000 0010100
1 0 11 010001 0100100
1 0 10 11 01 001 100 0111 1010000
0 10 00 001 100 1100101 0011100
0 111 000 0010 01101 00011 010110 1011100
1 00 0100 00010 00100 110000 111011 0111011
1 10 01 111 1110 0000 110100 010000 001010 0111110
1 11 00 001 100 000 1010 0000 00011 0000110
010 001 0110 1100 10101 0110001
1 10 00 1101 0110 1100 10100 00101 1010100 0011111
11 01 1010 0000 10100 010011 1100110
10 010 10101
1 10 010 110 100 0001 1011 1111 1101101 1011110
0 10 011 000 1000 1111 1011 11111 1100010 1001011
1 01 110 0100 0001 0111 00001 11101 11100 011101
0 111 0111 10100 010001 110010 0011001
0 11 101 011 0011 0101 00000 110000
1 010 101 111 11001 00110 00101
0 00 1110 1111 11010 00011 00101 011000 101100
1 01 001 101 000 111100
0 01 10100
1 10 00 01 001 1101 001011 110110 0111001 1101011
1 10 11 001 1110 0000 10001 010100 101110
1 11001 01101 10110 11110
1 0 10 00 0100 1101 1010 1111 011100
1 001 0000 1111 1101101 0001111
11 01 111 100 100001 000001 011100 1110101
1 01 10100 111010 1011011 0110000
0 10 0010 1011 10000 111100 0001011 0001000
1 10 01 100 0011 001001 0000010
1 10 1010 1001110
0 11 0001 10001 11110 100011 1101000 1010000
110 101 11110 010100 110101 1111010
1 0 01 010 100 001101 0101100 1100000 1110001
0 10 001 000 1000 1110 0001 1011000
1 111 10101 00110 11011 000111 1000000
1 0 11 010 00010 101011 011001 000001 111101
0 1101 0110 0000 00010 00011 10011 001011 0100100
0 10 101 0011 10101 00010 00100 101000 0101101
1 0 10 111 101101
1 011 1010 00110 01100 11100 1111001 1111000
1 01100 01000 111001 1110011
1 0 11 1000 11101 10011 101010 1011011 0000110
1 0 01 1110 11001 11000 0100010 1100110
1 11 001 011 100 10111 000110 0010101 1000110
1 01 010 011 1011 10010 01111 001100 100100 1010101
1 0 001 000 0100 1111 00110 11011
1 101 0001 10000 00000 11101
11 00 010 1111 111101 0100111
1 0 111 1001 01001 001000 1110101 0011100 1111111
0 00 011 11111 000110 0111000
1 0 110 11100
1 11 010 110 1001 1010 11010 10010 01000 100111
11 001 000 100 0100 110000 010111 0100000
1 110 11001 111001 0001010
11 01 001 0100 1101 11011 110111 0000011 1101000 1111011
1 0 11 10 000 00111 1001111 0010100
1 0 01 0010 100001 1001011
00 101 111 1111 0111 00100 011001 101101 1000111 1010001
1 0 11 001 101 100001 100111 000011 001111 1100110
0 01 100 1010 00110 00011 000010 011100 0011010 1010000
0 10 111 000 0100 1111 011111 0000000 0011101 0101010
1 10 00 0111 011000 011111 101000 100111 101110
1 0001 1010 11001 11000
1 0 10 10110 001011
1 1001 0111 10101 101001 1110110 1010011
1 0 110 10110 0011101 0010011 1011101
0 001 1000 0000 111101 1011111 0101001
0 111 0101 11010 10010 01011 00010 01000
1 0 10 11101 01110 0111110
1 11 01 010 1001 010100 110000 011100 101001 0010001
0 00 000 0010 101110
1 0 11 001 0100 0111 010011
1 0 0101010
11 00 01 101 1001 100011 1011100 0010111
10 110 100 0000 10001 10010 010000 100101 1110111
0010 0111 0000 1111 00111 10111 11110 1000000
1 0 10 01 0010 0000 11010 110100 011101 101111
1 10 00 01 010 001 011 00100 111111 0011100
1 0 010 11010
1 0 10 00 01 110 00101 100000 1100001
0 010 110 001 0101010
00 01 010 1000 1101 1111 101101 100101 0111110
1 11 01 001 0000 10001 00011 01111 0010000
1 0 11 111 1110 00111 11110 110010 010000 110110
1 01 010 101 0111 01010 111000 0011010 0110101
1 11 10 011 100 10110 01000 1101100
1 00 010 110 100010
0 111 000 010111
0 00 000 1010 00110 010000 011110
1 0 11 10 111 0001 11101 1011000 0101101
0 001 10010 01000 1001001
0 11 0011 0110 1111 011000 111001 101010 111101 1100000
00111 11100 0011100
0 10 01 101 111 0100 0110 00000 100010 1001000
0 0000 11110 000101 1110110
1 10 01 00 0101 11010 01001 1100001
1 0 11 110 00011 01000 100000 110101 0100000
1 0 10 00 01 110 0011 1100 00100 0101010
1 01 010 0000 00110 1110111
1 1111 01010 110101 1000100 1011001
0 000 0100 0011 1111 01100 10010 00111 010010 0000000
1 111 011 1011 11001 001010
0 10 00 010 100 1000 1111 00000 10011 0100111
0 10 10001 010010 0110110
1 00 101 1110 1101 0111 1010 001000 1010110
1 01 110110 1001011
1 11 100 1011011 0100001
1 0 1011 01011 0111100
0 01 110 101 0000 1100 10100 011101
0 000
10 01 101 111 1000100 0011110
1 0 1110 1111 01111 001001 0100001 1001111
1 0 10 11 111 110010 001011 101101
01 111 0011 01111 001001 101110 010111 0100100 1000101
0 10 101 0001 01101 1101101
1 1010 10101
1 0 10 0101
1 10 111 0000 01100 01001 100000 000000 011010
1 0 000 100011
1 1110 1111 00100 110101 001111 1000011 1100111
1 10 111 1000 011000 010000
0 010 101 1110 100101
010 001 1101 10100 11101 011101 0100110 0110010
1 001 000 0111 00110 11011 010111 0011001 0100011
0 11 01 010 011 11011 1001100 1010100
1 0 01 110000 001111 0111000 1111101
00 1000 0000 1111 10110 00000 000100 1001000 0011110
1 0 10 11 010 1000 101011 0111100 0000111 1001111
0 11 00 100 01100 110110 1100111 0111011
1 11 00 101101 101110
1 0100 0010 10111 00011 010110 001101 001111 1100110
1 01 1110 00010 11011 110110 0100111 0100010
10 00 10101 000011 0000000
11 00 111 0010 10000 11000 00100 110000 001001 101101
0 11 10 001 000 0100 0111 10111 100001 1001111
1 001 101 1011 10101 10010 110111 101000
0 10 11 110 011 0011 1100 0100000 1111111
0 10 01 001 100 000 1010 11000 110001 0111000
1 10 100 10010
10 11 00 101 0011 0010010
0 01 011 0001 101110 0001010 0010101
10 01 1100 01010 01011 11000 000011
11 010 100 10011 1011010
0 00000 00100 10011
00 01 011 000 110100 011011 000001
0 10 000 0100 1100 11110 11011 1111011
10 00 110001 111000 0011001 0110011 0010111
11 01 1000 0111 0110 0000 11001 11100 100001 0001000
1 110 001 1110 0110 01000 01110 011110 0110001
1 0 11 01 000 01010 10011 011000 101101 000001
1 00 01 010 000001
1 0 00 11101 11100
1 10 00 010 110 001 000 0111 10101 0000010
1 001 000111 001111 0010101
00 1000 1010 0110 00001 11011 11100 000111
0 110 011 111110 0000100
1 0 00 01 010 10010 00011 00000 001100 0111000
1 11 01 100 1101 10000 111001
10 111 000 0101 001000 011001 1010110 0001010 1010100 1110001
0 01 1011 0101 10011 011100
0 11 101 11001 101110 1000110
1 10 001 101 000 1011 11010 0110000
10 00 0111 1011 01001 0000101 0111101 1100010
1 0 11 00111 11101 00101 101000 1110000 0101001
1 0 011 000 00100 01110 1001001 1001010
0 001 011 10000
00 10 1000 0100011
1 11 100 0011 10010 11110
1 11 01 1001 1011 1100 110001 000111
1 111 0110 10000 00011 000110 111111 100101 0000001
0 10 11 00 0111 0110 1011 101100 0110100 0011110
0 11 100 011 1001 11001 0100101 1111011
1 0 11001 01010 00011 101001 100100 0001100
1 0 11 101 000 1101 11010 10001 0100111
1 00 0010 0001 1111
0 11 000 010110 001000
1 11 110 000 01110 0101011
0 001 111 100 1111 11010
1 00 101 00101 101011 1001110 0001010 0010000
1 010 110 00000 0000101 0110000
1 11 00 110 000 111001 001101 1011110 1101110 1011100
0 01001 11011 100100 1011110
1 0110 01010 11110 000110 0110100
0 11 011 0001 0011 11000 100111 0111111 0000000
1 11 010 101 01001 00100 100101 1010011
1 0 10 100 1000 0010 11010 10011
1 0 00 111 100 1011 1100 0001000
0 110 101 100 111001 000000
1 00 101 111 1000 11010 10101 00100 101110
0 11 111 10101 111110 0110101 0101111
10 001 0100 0101 01111 010100 101101 0000010
1 101 0111
11 01 11011 011111 000010 001111
1 10 0010 1010 0011 11000 101000 1000101
0 10 001 1001 1101 11111 11000 1100110
1 10 01 001 100 10010
0 10 000 00101 100011 100110 000001 001101 1001001 1111011
1 110 111 011 1010 0101 0111010
00 0001 0111 0110 1011 11010 010110
00 000 1000 10000 1110101
0 10 100 00011 01000 00000 00001 11101 1110001
1 0 101 011 0000 10011 100000
00 011 000100 0000011
0 11 011 100 0111 110100 110010 0101101 0110000
1 11 10 01 010 1110 11001 00111 010000 0111101
0 11 10 011 0111 10010 01000 0010101
1 0 01111 010101 011001 1000010 1011100 0110111 1000100 1011001
0 00 01 110100
10 111 011 10111 00000 11101 010111 0000100
01 1010 01010 10100 11100 010000 001100 001101 1111101 1010101
1 10 0001 0011 11001 010101 110001 0000111 0101000
1 011 1110 0011 01100 00011
1 0 11 00 0000 01110 11100 101111 001101 0111110
0 010 0010 00101 0001000
00 01 0101 10101 10010 00010 1100111
1 00 00100 000101 0000100
0 001 1110 01001 100110
1 111 000 0010 11010 01001 111001 100100
1 0100 1011 10010 011010 010111 1100010 1001010
111 011 000 011010 111000 0101001 1110000 1001111 0001111
0 0101 000101 1000100
1 0 00 11010 01111 100100 1100000
110 000 1100 01100 110010 010011 1101111 1000000
1 11 01 100 01011 0010111
0 010 001 0111 01000 011001 111001
0 00 01 001
0 001 0010 01010 100110
00 010 110 011 0110 1111 100001 110101 111101 0011111
1 0 11 010 001 01010 00010 111011 1111101
1 00 0011 111010 011000
0 10 01 0100 01010 011000 000010
10 11 0111 1010 1111 101101 0010100
0 0011 10100 01001 011011 101000 0011111
1 10 01 101 0000 101011 1011111 1100001 0011100
0 00 01 001 100 0111 01110 001011 110110
1 0 01 0011 11010 01010 110001 1001001 1001011
0 00 01 111 000 11010 10000 101100 1011011 1001101
00 000 100 0111 01011 1100100
1 0 000 1111 00011
1 10 110 100 0100 10011 110101 000010
1 0 01 1001 00101 011111 101000 101111 111101
1 0100 11111 1011010
0 00 1001 1111 010110 110110 010011 0010001 0101101
10 11 101 100 1011 10101 00110 101011 111100 1001101
1 0 000 0011 0100100 0010110
1 0 01 01000 011110 1111000 0110001
11 110 101 011 0101 0011001
11 01 111 01111 110010 0010000 0000101
1 01 011
1 000 0001 0011 00000 0010010 1000100
1 11 101 00111 1111001 0011101
1 011 0110
1 0 11 1001011
1 010 110 1101 0000
0 11 10 110 101 000 1010 0100111 1011111
1 0 10 110 000 1001 0110 1100000
1 0 00 01 101 100 0010 0110 01100 000111
0 100 1101 10111 01000 01111 011101 0101100
1 0 10 101 0001 1011 10101 111010 1111000 0000010
1 00 01 1001 1010000
1 10 010 001 111 0100101
0 0011 0000011
1 1001 1010 01110 010011 1100111
1 00 011 1110 01100 11110 111011 010000 000011 0000000
10 00 01 111100 1000000
1 10 10011 01110 0110010
11 101 111 100 1111 01101 10111 010110 100101
0 0010 10001 10101 11011 110011 1100011
1 00 100 0100 1101 1010 010101
1 0 110 1111 10001 101011 100010 101101 101111
0 11 010 000 0100 0000 1111 11001 1110100
1 00 111 1111 00001
1 11 01 0101 1001
1 0010 0000 0111 1011 110111 1010110 1011111 0110000
1 0 0010 1111 01101 00001 0000101 0111011
1 0 01 11010 10010 001011 100110 000001 101010
11 001 100 1110 11001 01010 00111 00000
0 10 1111 001011 001001 110011
0 01 110 0111 11010 01101 10011 0111100 0101001 1000010
1 010 1011 01111 101100 0111000
11 010 111 0100 1010 0000 11011 0101011
0 10 00 110 101 0101 01100 10111 111011 1011011
0 00 101010 100010
11 10 011 1011 1111 10111 110001 0110111
110 011 0000 0011 1011 0101 10011 010001 001001 0111101
01 101 100 0011 0110101 1001101
1 0 00 1101 1100 01010 00010 000000 110101 0101100
0 00 110 001 101 111 0001 1001010
1 0 01 0101 10101 01011 01000 001001
1 0 100 1000 01111
10 101 100 0101 010001
1 0 11 0010 1100 01101 10111 1110000
1 0 01 1110 10010 00011 00000 101010 0011001
00 010 101 111 011 100 1000 1110 0111 00101
0 01 100 11110 110111 0111010
1 0 111 0010 000001 1011000 1000101 0110111 1111101
11 00 1000 0111 0000 011111 1011000
10 01 11110 010110 0000000 1011000 1001011
11 10 000 1010 11001 000011
11 010 00111 00001 100001 111001 1110111 1001100
11 00 100 0100 0001 1010 1100 01101 11100 1111001
0 1101 001000 1010000 1000101
11 111
1 0 010 10100 10010 00100 0110001 1011101
1 0 101 011 10011 111100 101000 1011110 1010000
0 1010 0011 10010 11110 00100 011110
1 0 11 01 0101 0011 10111 1011011
1 0 00 110 1100 000111 100101 0010010
11 10 01 110 101 100 1010 010101 011111 0101001
01 011 10101 01000 101100
1 0 01 10000 110000 1101101
1 01 00001 111111
1 0 11 010 011 100 0100 0000 110000 1100010
00 010 1100 000000 110101 111101
0 10 01 111 0101 10111 011110 0001010
01 001 100 1101 0111 111100 0010000 0111000 0111001
1 01 000 0100 0000 11010 01011 01000 11110 1111101
1 00 110 0001 0101 00110 110111 001001 1000100
1 11 10 111 0110 000001 111101 1011000 0001010 0100001
1 111 000 1000 110011
1 001 000 0100 0101 10011 111001 101000 1100011
1 11 01 110 0010 0011 10110 101100 101111
1 11 111 100 00100 00101 101010 1010000 1010100
1 0 00 01 0101 0011 1011000 0111101
0 1001 01001 11111 011000 1101011
1 0 101 111 0101 01101 100110 1001101
1 11 01001 011001 001101 0010010 1000111
00 0111 01001 100001 010101 001001 000101 011100
1 00 1100 110000 011111 001010 0001110 0000010 1001010
01 0110 10000 10101
0 10 0010 01100 0100011 1110101
1 10 110 101 000 0000 1100
1 0 01 001 10010 11101 1001000 0110011
1 0 101 10011 010001 111100 111011 100100 1011001
1 110 101 1010 1110001 1000001 0010111
1 00 01 101 011 011010
00 001 0100 01000 11101 0100001
0 1101 00011 01110 000001 010111 100101 0110110 1001010
1 00 001 111 100 1000 0100 011001 111111 0001010
0 11 0001 10101 011000 011011 0011101 0110000
0 11 100 1101 00111 01111 110111 000101 0010110
1 10 01 1011001
0 11 10 001 1001 0111 10011 011000 000001 0001111
0 01 001 1000 0011 100010 111111 1111100
1 11 001 111 011 10101 01010 00110 10110 1111010
0 10 01 001 011 0111 1100
010 1011 01011 10011 010101 100010 0110100
01 00 000010 000000
1 0 010 0001 110001 1111000 1010111
1 0 00 01 00001 011100 001111
1 11 1110 011011 110110 001100
1 0 10 101 0110 11010 111101 1111100
1 01 110 1011 011000 1001010
0 001 10111 010001 1010010 0011100 1111011
1 01 100 1100 01100 10100 00111
1 110 1000 001000 0011000
0 00 00001 101111 001010
0 10 01 110 000 0010 10101 01001 0110001
1 1011 110111
1 0 1111
0 10 00 1001 0101 10110 00100 1010100 1111011
11 001 101 1110 1001 0111
0 00 000 1010 0011 1100 01010
00 110 111 100 00110 11000 101110
1 0 01 00 100 0101 000100 101101 101000 001011
1 0 10 010 101000 1000000
0 10 101 000 0100 0101 00111 0000101 0010011
0 010 0001 1101
0 0110 11011
0 10 00 0111 1111 01110 010101 111010 100110 1011110
0 11 00 011 100001 111010 001000 000001 000111 0010010
0 11 10 00100 11101 110000 101100 1110001
1 0 111 0100 01111 011101
1 0 011 0101
01 001 00001 00100 010110 101110 0010010
1 0 11 110 011111 1011101
1 0 10 100 1110 0101 110111 0010001 1001001 0011000
0 01 00010 000101
1 0 01 010 110 0110 11011 0010000 1111110
1 0 10 00 01 101 0100 0010 1101 0011000
0 01 101 100 0111 10000 01101 01110 001001 0100001
1 0 10 01 1110 110100 001000 1100110
1 11 110 1001 11111 01111 0100000 1110001
1 0 10 10001 001111 0011010 0100111 0111101 1010100
1 10 0100 0000 101010
1 0 11 01 10100 000100 001111
0 00 1101 1011 00111 100101 1010111
0 01010 01101 00101 010001
1 0 11 10 010 010100
1 00 101 0011 10011 010100 010110 0000111 0110010
1 0 10 01 1011 101101 1110010
1 0010 1111 0111 1010 00000 00100 1011111
1 0 11 10 00 110 00100
1 0 00 000 1110 0001 1010 1111 0101111
1 101 011 0111 0011 00000 1110010
1 0 01 110 000 1111 10100 111000 010111
1 10 00 01 10010 110010 011011 011100 1011100
1 0 11101 111111 1101111
1 001 011 100
0 10 110 0001000 1010100 0111110 1111101
1 0 00 10111 1011011
1 010 00111 10110 11011 000011 1101110 1111101
1 0 101 1001 0011 1100 11100 010000 0000010 0110111
1 110 011 1101 10001 01010 10110 0101100 0010100
0 10 01 110 1110 01101 011010 0000111
0 110 0010 0110 10001 111111 1010110
1 10 11011 1000100 1010100
001 111 1100 010001 001001 110011 0011110
0 100 1001 0000 1011000 1001011
0 10 0001 0111 00011 10111 010000 1011100
1 0 11 110 0011 00001 11011 100010
11 0011 0110 0101 11001 10101 010001 111110 0111111 0101000
0 001 1110 0001 0110 1100 010010 1111010
1 0 100 0000 10111 1011011 0100001
1 110 101 01011 111000 0111001
0 00 01001 100000 010001 0101111
1 11 011 1110101 1010001
10 00 110 001 0000 10110 1011101
11 10 001 00010 0001000
10 110 001 100 0010 01100 110100 101100 0001000
1 0 00 111 0001 0011 0000 011011 0110111 0111011
1 0 10 01 001 101 011000 001000 0000100
00 000
1 11 001 100 1001 0000 10100 0001100 1100111
01 110 111 011 0001 11000 111001 000010 100101 1101111
1 0 111 1000 11010 100001 1100010 0111110 1000101
10 00 0110 10011 100001
0 10 00 1110 10111 1100001
0 00001 00101 0001000 0001111
1 0 11 00 111 0111 00001 010100 111110
1 10 00 1010 10001 01011 010101 110110 0110110
1 0 11 101 000 1110 1011 1000111
111 000 1001 0100 1010 00010 11000
10 001 0111 0101 00011 110001 001010
1 0 10 000 11001 01101 10110 00001 1111110 0101110
1 0010 10011 0101101 0010111
1 010 110 1111 11101 010010
1 000 101 11111
10 01 0011 0110 0000011
0 10 001 11001 01110 111110 1110111 1011111
1 010 0011 0000 1111 110111 0000010 1111110
101 1010 0011 01101 10100 11011 001100 011110
1 001 0011 1100 0101 010001 000011
0 10 00 01 110111 110000 0111101
0 101 111 001011 001010
1 0 10 110 11001 11110 111010 100111 1000000
010 1110 11110 01111 10011 11100 111100 000111 0001110
00 110 1111 01111 100010 000011
1 0 10 01 101 0011 01011 0001101
0 10 1011 10110 1011101 0110011
1 101 111 011 100 1100 10111 010110 110011 0010011
1 0 11 00 01011 11101 111111
10 100 10001 10100 101101 011110 1111001
1 10 0000 100110 1111011
1 0 000 1100 00010 1000101
0 11 0110 10001 01101 01011 10110 101011 010000 0110100
00 111 1000 0010 001110 0011001
1 0 10 111 0000 00011 001110 010011
1 0 000 0001 01000 010100 101111 100101 0101111
0 11 10 01 00000 11000 0001110 1100100 0110101
10 00 01 010 011 1110 11010 01111 0011101 1111011
1 0 10 101 100 0001 1111 10001 001001 111000
1 00 111 1100 10100 0100111 0111011
1 11 01100 101100 000101 1010110 0110101
1 10 1000 0111 0011 110010 000110 001001
0 001 0100 1011 00001 011111
01 111 000 100 0000
1 00 000 1101 00110 001111 0110110 0100010
1 00 001 1110 0111 110111
10 11 101 10111 000001 101010 0001101 0111110
10 101 0110 0101 000000 011110 0111011
1 0 101 000 100 0111 11001 010100
010 101 10101 111101 0111100
1 11 110 101 0110 1111 1010110 1110111
0 10 01011 11110 011000 100110 0111010 0001110 1100001
1 0 01 111 1011 01001 000100 000010 0000010
0 01 1110 1011 111001 0001011 0001110 1100001
001 000 0001 1011 10111 100000
0 00 001 10110 11011 111011 0111100 1100010
0 1001 111000 1001000
01 011 1010 00000 0111010
1 0 10 00 110 11001 0111111 1111111
00 01 100 0011 0110 1011 00111 0110101 1000000
1 0 11 00 0110 11000 11101 000000 1110111
0 110 111 01011 011101 1100110
0 10 11 100 0101 11100 010110 100101 1100101
10 01 001 101 0001 011101 110011 0000010
0 110 100 100000 100011 0100011 0100101
1 11 01 1101 0110
1 01 11 10
1 0 01 110 011 0100 1010 010010
00 0001 0101 00000 011111 000001
0 01 1000 11001 10001 010000 001010 100101 0101010
1 11 10 011 1110100
1 0 10 00 1110 011100 001010
0 01 1010 10101 00011 100100 1111001 0100001 0110010 0011110
011 000 10110 110100 000000 1100101
10 11 01 00001 001000 000110 0011010 0011111 1010001
10 01 001 101 1110 0100 01101 010110
1 11 000 1000 0000 11011 001001 0010000 1100001
0 110 000 010111
1 0 101 1000 0010 0000 000011
1 111 101
11 01 010 111 0000 0110010
00 0010 0001 10101 100000 100010 101000 1000010
1 01 111 00101 01111
1 0 10 110 101 111 1111 1100 001010 1000000
0 01 011 01101 110010 000101 1011011
1 10 1001 0010 10011 111110 111011 100010 100011
11 001 000 001110 001111
0 00 110 100 1111 010001 101110
10 010 110 001 000 0110 0000 101111 001111 0101101
0 01 111 000 1110 0110 10111 011101 1101011
1 0 0001 10010 101111 0011011
110 111 11010 110110 1001101
1 110 101 0011 1011 01011 00101 000101
1 00 01 000 1001 1110 110110 0100100 0111010 0100011
1 0 11 00 000110 011010
0 00 01 011
0 10 101 011 0001 111101 1110111
1 0 10 00111 11100 1010001
01 001 0101 011110 0110001
1 10 010 100 0001 10000 10101 111010 101000 001111
0 10 011 0101 11000 011001 110101 0110110 1111010
1 00 101 100 0100 01101 0100010 0100110
0 010 110 100 0011 00001 1100100
0 01010 00000 11100 110101 1001001 0110110 1000100
1 010 01010 000001 0100001
0 01 1101 00111 00010 00000 100101 010111 0010010 0110000
1 00 01 010 110 1011 11100 110110 1000111
0 01000 100001
10 01 111 000 011110 101110 001101 111111 1011110 1100011
11 110 000 1110 1010 01000 0111101
1 0 10 11 100 00010 11000 11101 001011
01 111 0111 1111 00010 100000 011111 111000 0100101
10 00 01 00111 01011 011111 101100
1 0 10 00 01 001 10100 10111 100110 1111101
01 010 000 1010 000100 0000100 0010000 0010100
0 10 011 0110 11110 0010000
1 011 000 0010 100001 011001 100110 010111 001010
0 11 010 100 0100 1100 11011 1110100
11 101 111 0010 1100 0101 10011 1001110
0 110 10001 00000
1 0 00 01 010 011 0110101
0 010 01001 010101 011111 0011110 0111011
0 11 10 011 1111 11010 010101 110000 0111111
1 0 00 00111
01 110 011 000 0101 11101 1111001
1 0 001 1010 1011 00110 101101 000111 0011010 0010111
0 10 001 10000 00110 111000
1 110 111 100 1010 0011010 0100110
1 00 110 111 100 1001 0110 100110 0001001 1001101
0 110 1101 0011 111100 1101001 1111011
1 11 111 011 1010 0110 00100 100100
01 001 10010 01001 10111 111111
0 0100 001010 100010
1 111 010 1010
0 0100 0001 1111 110011
1 0 00 10001 01111 101100 000010 0100111
1 0 01 001 100 1011 1100 01100 110100
1 0 10100 111101 1000001 1100101 0011110
0 00 000 0010 1101 01101 11011 1111111
1 000 0110 00011 11110 101011 1011100
1 11 01 001 0100 1101 0110 01011 00011 11101
1 11 111 011 010101 111111 1111001 0110100
1 0 0001 0111 0101 11000 100010 111101
0 10 01 011 1101 01011 110011 111111 0111111 0110011
101 111 1111 10010 011100 0010110 1000101
1 01 101 0101 0010 00100 011111 100100
10 01 110 0100 01001 00001 11011 010101 000110 0101100
0 10 101 10110 100100
1 0 11 0000 01011
0 00 1011 00101 011000 1010111
00 101 0010 0000 1100 10001 01001 00001
10 011 000 0010 1101 0101 01001 011000 1011011
10 01 00 111 1110 010001 010011
1 10 001 011 100 1011 01110 1010000
0 00 11001
1 01 0110 11110 011000
1 0100 1111 01010 111111 0111000
1 0 0001 01111 1011110
1 010 100 01001 00000 1000101
0 00 111 000 1111 10001 1101101 0011000
0 00 010 100 00100 0111111 0000110
0 10 00 01011 00101 1010010
1 0 01 001 110 100 0001 0111 0011 01000
0 00 000 10001 0101001
0 010 011 1111 0101 11001 01011 01111 000001
0 11 10 010 011 000 011111 010000 000111
0 00 101 0010 0010010
10 01 011001 010001
0 01 011010 000101 100101 0001001
1 101 100000 010101 000001
0 01 011 100 000 101010
10 00 0100 0001 10110 1011010
0 11 010001 111110 110101 101101
1 10 00 010 001 000 1100 11011 000100
0 11 01 001011 101111 100100 0000011
1 10 11 00 0111 11001 01010 010110 100100
1 11 010 110 001000 011000
1 0 0110 11001 0101110
0 10 00 0011 0101 11001 011001
1 0 1011 10001 00101 010001 001001 0111010 0110110
0 000 1001 0101100 0000100
11 100 01101 00010 001010 0110111
0 00 1000 1001 1111 011011 001111
0 00 10 011
10 011 1001 1100 00010 011001
0 11 000 0111 100000 101110 0111010 0100001 0111000
10 00 000 1100 001011
110 111 100 1111 101000
00 11 11111
101 000 00001 00010 000101
1 111 101 110100
10 001 100 1100 11000 01110 100001 001101 0001111
11 00 0011 01000 111011 111101 0000110
1 0 00 0001 11110 111001 0111110
1 01 111 100 00011 1001010
11 110 1000 1001 0110
1 0 11 110 111 10110 010110 111011
1 11 01 010 001 1110 10110 111011 1000100 0110000
1 0 001 101 000 1001 10010 111000 0100100
1 10 110 10100 00111 000101 1100000
0 10 00 010 001 0100 0001 0000 10000 1001111
1 010 001 000 0110 1011 10010 001000 1000110
0 00 01 000 01011 001011 0110110 1010101
0 011 0110 11001
1 0 11 011 0000110
10 111 11011 11110
1 0 10 010 101 1000 00001 1011101
10 101 111 1100 11001 11000 010101 0111100 1010100
1 0 10 00 0100
0 11 010 101 000 0101 0110 0011010 0000001
1 0 00 01 010 000 0100111
1 00 110 101 011 001101
1 00 001 0010 1101101 1101100
1 010 110 1000 1101 0011 001110 110100 1001010
1 11 1001 0101 01110 011110 0001011 0100011 1010111 1011001
1 10 01 110 011 0100 0001 0111 011011 101101
1 0 1010 0000 00011 100000 010101 001100
1 0 10 00111 101100 1111100 1001100
1 11 00 01 101 000 0110 0001001 1110000
1 111 001000 100110 000111 0001000
1 0 11 0111 000011 1111011
1 0 11 10 110 0111 0011 1011 110111
0 10 11 01 011 0101 0100 000100 0011010
0 10 11 1011 10000 110001 111000 000000 011101 1000101
1 0 00 011 1111 00001 000101
0 11 01 011 0010 110100 011101
1 00 111 1011 1110000 1110101 1000110
1 10 00 0010 0100010 0110111
0 010 0001 1101 111001 100100
1 0 00 01 1001011
0 1101 0111 1011 11101 011010 001101 100101 0101100
0 11 01 111 000 100 0010 00100 011101
1 10 001 1111 01101 00010 00000 11100 101111
1 01 11100 01000 00101 01110 1110101 0001111
1 00 000 10001 101100 0000000 1110001
1 0 11 00 1011 00111 00010 010010 110000
1 10 00 001 101 01101 110100 010000 1100000 0010100
0 01 01001 011100 1111111
1 0 01 010 110 10010 001000 011111 111000 0000100
10 011 100 0010 0001 10101 000110 011101 1101000
1 0 01 0101 1101 1011 01001 00000 1010111 1100010
1 0 00 01 111 0100 10010
1 10 1101 0101 11001
11 000 1111 1011 10101 11101 010010 1011011 0000101 0010100
0 100 00001
1 0 10 00 01 001 1001 100110 1010010 1111010
1 01 101 0101 0111 01011 11110 000000 1001001 0011110
1 01 0000 110111 010000
1 0 100 000 1100 11110 000001 111101
0 010101 010000 001001 001010 1010010
0 01 101 00110
1 10 00 001 1000 1010 1100 000111
1 0 11
11 011 100 000 11000 010000 001001 0011011
001 111 00011 11111 111110 1100001 1101100
1 11 00010 00100 1101011 0111010 1001110
1 0 11 00 010 100 11010 01011 10111 11100
1 10 001 100 1111 100001 1011110
0 11 1011 11111 00101 001000 0100011 0011101
1 00 11010 00010 100100 111111 0110101 0100011 1100111
0 111 10111 11111 0001101
1 0 11 01 1001 1101 1111 01001 01000 1000000
11 01 1111 10000 00110 00010 10011 101000 1001111 0011110
0 10 011 110010
1 0 101 110110 110011 1110111 1010101
0 11 101 1110 1010 111010 000001
0 0111 1011 1100 0101 011001 1000101
1 0 10 1110 00011 00000 0001101 1100101
0 11 1111 0000 00100 110011 1101110
1 110 01111 110010 000010 011010 0011110 0010111
01 00 1001 1011 00000 001110 000010 110011 101110 1111011
10 101 0001 0110 1111 01010 010100 100000 1101110 1100110
0 10 00 110 1000 0101 10001 111010 000000
010 111 11001 01000 111010
1 0 10 110 1010 1011 00001 11110 011101 000001
10 010 001 111 1001 01100 001111 1000101
0 00 01 0111000
1 0 11 01 010 011 1101 110110
00 001 0010 000001 0101010
0 111 0010 0011 00100 00101 010100 010000 1000101
0 01 111 011 0100 0001 1011 01011 00011 100001
1 0 00 010 111 011 0010 0111 1100
1 01 110 1110 10001 1110010 0111100 1011001
1 0 10 011 1001 01111 010010 111001 0100111 1011001
1 01 001 001111
1 11 00 1010 1011 01011 11011 111010 1100010
1 0 10 0011 00001 0110110 0110100 1111101
1 0 0001 11010 00100 011001 0100110 0001111
10 11 1110 01010 101101 1011001
1 0 11 011 1100 01100 1001100 1101111
0 10 010 010010 000110 111111
1 0 101 1001 1101 0110 01100 001000 0110100 1010101
1 0 011111 010011
0 00 01101
0 00 110 0000 0101101 0000001
1 0 00 110 111 00001 00100 00101 0000101 0010101
1 0 01 110 100 0000 10101 00011 00000
1 10 01 101000 0000011 1010001
11 00 010 110 000 1010
10 01 010 001 1000 11111 11011 010100 000001 001010
1 11 000 1100 010010 010111
1 0 00 0010 0111 0011 011001 110110 1101101 0000001
11 01 10100 011010 1110101 1000111
1 111 0010 01101 11000 000000 111001 1111100 1111010
1 0 00 0100 0111 00011 11111 111010 100011 1100000
1 10 00 01 011 1010 1111 10000 010010 1011100
1 11 100 1001 0010 1010 00111 110101 1110010 1000110
10 00 1100 10001 10110 00010 11100 110010 0101101
0 11 010 000 0010 0101 01111 111111
10 1000 1111 10101 11111 101111 1011001
1 00 011 0000
1 11 00 0011 01011 10111 11011 1010110
1 0 10 01 1001 01111 0010000
11 000 1101 01100 010110 100110 0100110
1 0 10 01 10100 010100 011000 0101001
1 10 110 100 0111 1011 00000 0000010
1 00 001 11010 01101 01011 11110 001100 1001010
00 001 0111 00001 01111 01110 010101 100010 0011010 0100001
10 000 0010 1010 1100 000110 000111
1 0 10 01 011 1110 0011 01000
1 11 011 010001 101001 1111100 1001100 0001100
11 10 00 010 001 001101
1 0 11001 00110 1011111
001 000 1001 10101 01110 011100 1011100
1 0 11 110 0010 1010 11001 10011 0110000
0 100 1110 01110 100110 1100100
0 11 110 101 0101 01110 101011 0100110
0 010 110 111 01110 100001 011101
10 00 110 0010 00110 10100 11111
01 110 101 000 10001 01000 011001 000001 0111110 1000011
1 0 11 1101 01100 0011101
0 11 110 11100 100010 101101 1100100
1 010 1010 0011 00110 011010 1100001
1 1001 10100 10111 01110 101000
0 010 000 0101 00000 0010110
0 10 00 111 011 00100 110110
00 01 010 110 11000 00100 11011 011001
1 10 01 110 0000 110010 011100 1001110 1100101
1 0 1110 1100 01100
0 010 000 1011 0111011
0 10 00 110 011 0100 0010 0011 00110 0010100
0 00 100 11101 110100 010011 0010011
1 0101 01011 11011 0111001
0 10 100 0111 1100 11110 100111 100100
001 111 0011 1100 001110 001001
0 001 000 10110 010100
00 001 01101 11000 100000 000111
1 11 1000 0010 01000 111001 011100 101001 1100111 0110100
1 10 001 000 11111 010110 100101 0101011
0 00 01 101 000 1101 1101001 0000111
1 0 00 101 111 100 1000 01101 010100 110011
1 111 0010 0110 110000 0001001
1 0 00 111 100 1000 00010 11011 01110 0100101
1 0 11 100 0110 01011 010111 1100110
0 11 00 110 0000 11001 00001 11011 111101
1 01 1001 10111 100000 111000
00 01 101 111 0111 00000 1111111
10 01 110 101 0011 1111 10101 100110 0110100
1 00 001 10010 000111
1 11 10 101 0100 0010 1011101
0 010 10111 0100010 0110111
0 010 0010 11110 11100
1 0 11 010 000 0001 10101 1101100 0001111 0011110
0 10 0100 1011 00010 000011 1101101
1 11 01 111 11111 110001 011100 1110100 1100011 1000101
11 1111 101000 011010 101010 1111011 0101000
01 101 011 1011 00111 00101
1 10 001 101 1001
1 0 110 1110 0100 1010 01011 0111111 0001100 0101110
0 00 001 1000 0010 0001 11001 01001 11100 1100010
0 11 10011 001100 1011100
1 0 10 001 111 0011 01000 111111
1 0 01 010 1110 00101 0010000
01 110 011 10111 00011 100001 000011 1100011 1100111 1011001
1 00 000 0000 001000
1 0 10 011 01110 11100 1110010 1010011 0010010
1 0 00 0100 10000 00010 100010 010111 0001110 0101011
0 11 01 101 111 1101 1010 0110 1011
1 0 1001 11100 000010 0111000
0 01 111 1111 1100 010100 110111 101101 000011 1010111
1 0 01 111 1001001 1100000 0011111 0100101 1010101
1 0 10 010 1000 0001 1100 101100 111000
0 01 011 1010 110011 011110 0000101
1 0 10 11 01 001 0100 01011 00011
0 01 010 001 10010 110100 111001 100011
00 01 011 010100 0101101
1 0 01 0011 10111 101010 0011111
11 011 1011 0101 01100 011110
0 11 01 101 0111 01000 1001110
0 10 11 01 0110 11001 01100 10100 010101 111000
1 1011 11001 00011 11110
01 101 0101 10011 011110
1 0 10 01 000 1000 101011 111000
1 00 110 10000
0 10 111 1111 01000 001000 001101
10 11 01 1111 00011 00001 001111
1 0 001 0010 00101 010001 0011010
1 10 01 110 1000 0101 010010 0000101
1 0 001 111111
0 11 10 01 100 00110 110111 001000
10 11 011 1110 110001 1101110
10 01 010 001 011 0100 0101 01000
1 0 10 00 01101 101100 001001
1 011 1110 1001 1011110 0001000
11 01 100 110101 000111 0010001
1 11 00 01 101 011 1010 01101 01111 1101100
1 11 0010 10101 10100 00001 11100 1100110
10 01 0111 11000 001100 101001 0111001 0001011 0101010
1 10 01 000 1101 1111 01100 00100 101000
0 10 00 01 110 01000
11 10 00 000 011 0011 0110 1111 11011 1010101
1 0 01 00 0101 10101 01100 10011 100101 1101000
1 0 111 1100 100101 1000100
0 11 100010 100011 0011011 1000110
1 0 0100 0010 10001 01011 01000 1101011
0 00 1001 10101 10010 110001 100011 1011101
1 0 001 000 1100 010000 110011 1101010
1 10 01 101 000 0100 1101 0110 01010 101010
11 10 110 11111 011010 110011
1 00 01 0110 000100 110110 000101 001010
0 101 01011 0101101 1001100 1101000 1111110
1 0 101 000 11101 001100 1111010
00 01 110 100 1010 000001 011010 1011010 1010101
1 11 00 01 110 0010 10001 11011 0000101
10 01 00 000 0001 1010 0101 01000 000110 0111010
11 01 0111 1011 011111 100010 101100 001001 1000101
1 10 01 110 0111 1010 10010 100101 1100011
0 10 1000 0010 1010 11101 1010110 1011001
0 11 0100 0000 10010 11101 1100111
0 11 101 1001 0011 0101 01101 110010 001001 1100000
0 1010 0001 0101
0 00 101 1111 00110 00010 00100 010001 011011 111111
1 0 11 01 010 110 0001 001101
1 11 00 0011 00110
1 01 10101 11101 000101 101001 0000010 1100101
1 000111 001010 111101 1111110
1 010 000 010111
1 00 10001 11110
11 00 001 011 10110 000001 1100110 1001010 1010101
0 100 1110 1001 111101
1 0 11 00 001 0001 011111
11 0001 00111 11110 011010 0011010 0101001 1001100 0100110
0 11 01 011 0111 11001 0011110
0 000 100 000000 0100001
1 01 010 011 1000 1011 11101 00101 001001 1100011
1 10 00 01 110 101 111 1010 01000 1011001
000 1110 0011 01010 01101 010110 100000 111011 1001101 1010111
0 01 000 1110 0111110 0110010
0 10 010 000 1110 1001 0111 0100011 0000111
1 0 10 1110 1111 0101 10010 110000 1111000
1 11 10 01 011 0100 11100 1010111
1 110 111 1110 00010 1111000 0101110 1010001
0 10 1010 0101 10010 0011111 1110001
0 010 001 11010 00011 1010111
000 0000
00 01 001 011 01010
1 0 11 01 001 111 10010 10110 11110 1110011
1 0 10 111 1001 0100 0010 1111 01101 110110
1 01 100 0101 11110 00001 110111 101001
00 1001 1100 0101101 1100100 0100101
0 111 011 1000 00110 00010 101101 0100011 1000001
1 0 11 10011 110011
0 01 011 100 10111 00000 0111110
0 001 011 000 100 10010 10111 110011 0100011
1 01 001 110 101 011 10111 00101 101001 1111111
11 111 0001 0101
1 001 110 011 0010 1111 011011 101000
1 0 00 101 0000 1101 00110 01110 0010101 1000011
1 00 011 1001001 1000100
1 11 10 010 1100 0001000
1 01 001 1010 01100 11111 00001 111000 1001011
10 001 101 111 00011 1011110
10 00 01 0101 11001 00110 100011 011010 0000011 0011000
0 11 010 0101 01100 01001 10111 01111 0101011 1000111
1 01 10000 00000 0001111 1001010
11 01 111 011 000 100 0101 110000 101111 1000010
0 11 0000 11000 001001 1000100
1 0 01 1110 10000 101001 0100110
1 00100 111011 001001 1011011
1 111 01101 1101011 1111100
0 10 01 111 1001 01011 11100 110000 0111010
1 0 010 111 1101 0000 01110 100000 011100
0 010 111 0001 1111 110111 001100 1001011 0001010
1 0 00 10110 000100
0 10 00 01 010 1110 1111 01011 00100 111111
0 00 000 01001 110111
1 0 1011011
10 00 01 010 011 0010 010001 1011101
01 110 11101 10100 00100 010110 0101111 1100011
1 0 11 1000 1111011 0010100
1 0 00 111 000111 0001010 1000011
10 101 1110010 0101010
10 11 011 0001 1010 01010 11101
0 01 001 0010 00100 011000 0100000
1 10 0111101
0 10 010 110 001 111 11001 11111 0001110
0 0001 01101 100010 011010
10 00 010 100 0111 010111 0101110 1000110
11 01101 00101 111100 110011 0010011 0101010
1 0 01 110 10011 10010 01111 0000111 0110010
0 11 01 01001 11100 010011
0 001 1010 100010
1 110 1010 01101 100100 001011 101111 101001 1110001 1001111
1 0 0000 1000100
1 0 10 01 001 111 0111 10010 110011 100100
1 10 1011 00010 000001 1001010
1 11 01111
1 01 1000 0100 0110 10110 0000100
11 00 110 111 11000 0111100 1001111
10 00 001 0111 1100 10110 111011 100011 1010011 0101000
1 11 110 1110 01101 1011110 0010011
00 111 1010 1111 01000 10011 011010 0101110
1 00 010 110 000 1011 101101 101010 1101011 0110110
0 00 0101 10010 1111110
1 010 0100 1101 110110 0011010 0100001
1 111 1100
00 01 100 01001
00 01 100 11010 10011 101010 1001101
0 000 1011 010111 0011010 1001110
1 10 10111 11000 11110 1001010
1 11 10 0010 011011 001000 101000 0010000 0110001 1111110
0 10 01001 0111111 0010100
1 0 00 01 00011
0 11 010 110 0001 1010 01101 100010
1 110 000 1010 0000 01010 00101 011100 101010 0010100
1 11 00 11100 101001 0100100
00 000 11111 111011 000000 010011 1111000 0011100
0 00 1011 00111 01000 000111 0001001 1100010
0 00 01 100 1001 0010
1 101 1010 1111 00101 001001
1 0 010 001 100 0111 10010 011110 0001011 1011001
0 00 111 010100 1101010 0110001
1 0 11 011 0100 0111 0000 01001 111111 0001000
101 100 1101 1011 100110 000101 0101011
00 0000 11010 01001
1 0 00 001 011 1110 1111 00001
1 0 111 0001 0000111 0100101
1 0 101 111 1000 0111 00111 001110 000001
11 110 111 00010 1100010 1011101
1 0 01 001 000 10100 11100 011111 0110101
0 101 1001 11000 11110 110010 0110010
1 0 00 101 011110 1001001 0110101 0010101 0000110
010 11101 00010 010010
1 10 110 111 100 1110 0100 01100 1011110 1111110
00 1101 0000 01011 11011 110111 011100 0011111 0111011
11 10 010 011 1111 11110 01110
0 011 1100 01011 1110010 0100111
1 0 01 010 1100 01010 11111 0111110 1010111
0 11 10 00 111100
1 10 11 111 000 0100 10101 00000
0 01 010 000 1000 0100 01001 00100 111011 0010111
0 10 00 000 0100 1101 00110 01001 101111 0101111
0 101 011 11100 111001 0011011 1000010
1 11 10 111 1110 01011 11101 0110100
0 101 0111 1010 11101
1 10 010 110 011 101101 1110111 0010101
11 01 100 1011 11001 1001101
1 100 0100 001100
1 0 101 111 011 1110 01111 000100 101010 101110
010 000 0011 1100 0101 10011 100111 1010010 0010110 0101011
1 0 00 11010 000110 000001 101010 001010 1101101 0100110
1 11 00 01001 11110 10011 101011 101010 0001111
1 0 11 00 01001 010000 0100100
0 010 011 000011 111101
0 11 1110 10110 11111 100001 0000011 1100000 0000101
0 11 110 01010 00000 001100 101010 1010011 0110110
11 010 110 001 000 1101 01011 011011 000000 001010
11 00 101 000 1000 1011 00100 110110
01 0111 1011 10001 01100 11100 100110 1100110
1 0 0010 1111 001001 010111 1101100
0 001 111 110100 001010 1011100
0 1000 1101 0101 00000
0 110 1001 0111 0110 00100 100001
1 0 11 111 011 100000
1 110 011 0100 11010 10000 00111 101001 0110101
0 10 01 1101 10010 10111 110000 1100001 0010011
1 0 11 001 101 100 0011 0110 1111001
1 0 011111 1110101
11 101 111 0011000 1001010
10 10001 00110 1001100
0 11 0000 11001 110001 110110 0011000
0 101 10000 10100 1101101 1011000 0111110
1 101 110110
00 001 1101 0000 00010 100000 0101110
1 10 100 000 0111 111101 1111100
1 10 01 010 001 011101
10 00 1101 0111 01001 11111 111110 1011011 0101010
11 1110 1001 0111 0011 11010 110101 1110010
0 01 011 1110 0101 010010
11 100 01010 111100 101101 1110111 1111101
1 0 00 010100
0 11 10 00 011 0100 0110 11110 111000 1110110
0 100 110010 111010 0001001
1 111 100 1010 100001 011011 111100
0 100 0010 0011 01001 10110 11011 1000001 0001111
1 01 11100 000000 001111 0100010 0110100
01 110 0011 10111 01000 01111 000101 0110111
1 100 0111 01110 011001 1001111 1000110 0111001
0 011 10000 10101 11110 0111101
00 001 000 0010 00101 101000 001101 010111 1001100
1 0 11 110 0100 10010 00010 110101 001101 0111111
01 101 1010 01111 010111 0010101
0 11 111 000 1110 00011 11100 0110100 1110001
0 000 010111
1 0 10 01010 11011 10011 1100101
1 0 10 00 111 011 11111 11011 010011 0001000
1 010 0101 01010 000111 100101
0 00 01 000 0001 1011 00111 0100111
1 10111 011001 011111 110101 011101
1 0 00 110 1000 0000 10001 0011001
1 0 011 0100 001111 0001000
10 010 100 1100 00001 101101
1 11 01101 00010 11111 1011000 1111100 0000110
10 01 10101 111110 011111 000010 111000
1 01 010 110 00101 101101
1 0 10 001 0011 01100 00111 1001001 0001111
1 0 111 0100 10010 011010 1111000 0001101 1010011
1 10 001 1110 1100 00110 00011 001010
10 00 110 001 111 1000101
1 00 001 0100 0000 0011 1011 11010 110100 1011101
1 0 01 100 1110 0011 0000 110000 0010010
1010 0101 10000 10100 01001 010101 001010 0100111 0101111
0 110 001 111 011 0110 11010 10111 0111001
11 110 101 01011 00000 100010 111101
0 01 0111 1011 10001 01000 011010 001101 1101110
00 1101 10010 010001 110100 110001 110110 000010
1 0 01 0100 1101 01011 110100 111010 010111
1 0 100 01110 100111 1100110 0100101 1000110
11 10 110 101 111 010110 1110010 1010110 1111101
1 00 1000 0111 1010 10100 1111100 1101100 0010100
1 0 00 110 000110 1001110
11 01 101 100 1111 010100 101101
0 01 10111 110100 110000
0 00 001 01111
0 11 000 1101 11100 010000 0111010 0100101
10 001 111 011 1110 1001 0111 01111 010011 0100001
1 0 100 1111 110100 000110 101100 1000100 0111101
1 11 10 101 0100 1101 1010 001001 000111 010111
1 0 110 111 01100 01011 11011 010110
110 1110 01010 11100 010100 011101 1101111 1000010
10 11 01 001 101 10001 00011 000001 010011
1 00 001 1000 01000 110000 111011 100011 1010100 1101100
11 01 010 111 1101 11010 011101 1010111
01 0101 00001 001001 1000001 1000111
1 0 10 00 011 1000 111100 0001000
0100 1100 00110 01001 10111 010010 111100 010000 100110 1110000
0 10 1101 01100 00011
0 00 0111 1111010
0 10 010 110 111 0000 101011 000001
1 0 010 101 100 10000 110100 0101101 1111100 0000010
001 1000 0001 1010 0000 01101 010110 1101011 0011101
110 000 0001 10000 01111 101000 0101110
1 0 101 100 011010 010111 0000001
0 000 00000
0 00 01 001 000 1011 11001 00010 1001101 1000111
0 11 01000 001110 001000
1 0 1100 10110 11111 10011 1101011 0110110
1 11 111 0010 0011 10100 11100 010111
0 11 010 100 0110 10110 110010 1000000 1010001
1 0 01 100 01010 00001 010010 0101001 0101011
1 00 01 011 1100 10110 101110 1010110 1011101 1010111
1 0 11 011 0100 0001 11100 111001 1101100
1 0 11 01 011 000 0100 1111 111010 000001
1 10 00 1000 10011 101101 001100
1 11 00 0100 1100 001111 1000110
1 0 11 00 101 1110 0001 01100 11100 101111
0 10 11 011 1010 0110 10000 010011 1011011 1111111
0 11 00 010 110 1110 0010 1101101
11 111 11100 000001 0111101
1 11 00 01 010 0111 1110000
11 011 000 100 0100 0000 11001 010110 101000 0100000
0 10 00 100 1011 10010 01001 01011 11011 11100
1 0 10 01 000 01010 001000 1110111 1001000
110 0101 11010 11101 01111 110011 001111 1110110 1001111 1001011
11 00 0000 011111 1000000
1 00 001 000 11110 001110 110111 001100 111000
1 101 111 100 1101 01010 01110 011010
0 00 01 1010 1011 1100 100010
111 1101 01010 11111 1101100
0 01 000 0100 00010 000011 0110111 1000101
10 110 0001 11000 000000 101010
0 11 01 0010 01000
0 11 00 1000 0100 0110 0101 11101 001110 000000
11 01 011 000 01011 00011 100001 1010010 1011111
0 10 00 001 100 0011 0110 10100 110110 0101010
0 00 01 00011 001011 0011001 1110100
0 01 010 0001 100101 1010001
00 1100 0000 10101 01111 0110110
1 10 00 010 0001 1010 11001 101100 101111
1 0001 01101 01111 011010
1 01 101 1110 11010 001111 0001110 0010100
0 00 011 1000 0011 0110 11110 000110 0110101
1 0 00 1001 1101 1010 1011 10010 10111 0011111
1 01 1111 00111 01011 00010 011001
1 01 111 100 1001 11010 0100010
11 00 1001 0011 11011 001111 000101
11 10 0111 0110 0101010 1111111
1 0 10 001 011 0011 01101 11100 011011 1101000
1 010 110 1101 10000 11110 000011
111 11111 00000 00001 000001
0 11 000 11100
0 01 110 1100011
1 010 110 011 01010
1 101 111 011 00101 1010001
0 00 0011 11010 011110 0011101
0 011 11110 11100 010000 1111100
0 000 1110010
0 10 001 1100 00001 0100111
1 110 1011 101100
1 0 11 00 01 010 000101 0010010
1 0 01 010 1001 0100 0111 1100 010011
1 0 10 11 00 110 0111 1011 101010
00 01 000 0000 0110 11010 00001 101010 100100 0111101
1 0 10 11 0010 0111 1111 100010 1001000
1 011 101
11 10 101 1110 0011 100000 0101101 0110101
1 0 10 00 1100 111000 011110 1001111
1 0 11 00 010 110 0001 00110 10110 0110001
1 10 01 1000 0010 0001 10101 11000 000010 0100010
0 11 0101 01110 111100 000101
0 101 0010 1111 010001 0111110 1000101
110 111 011 11011 110111 010101 001000 1110010 1011000
11 10 1010 10110 011010 0101011
1 000 1010 01010 10011 100000 101101 1101101 1100000 0110110
01 110 000 1010 0011 1100 000110 1101001 0001111 0010100
1 0 000 0111 0101 01011 100111 0011001
1 110 0100 0010 1100 10000 011010 101001
1 101 000 10000 01110 111010 011010 0010000 1011101
0 10 11 0100 01101 010000 011110 001010 0101010 0000001
0 10 010 100 1001 01100 0111000
1 10 00 10111 11100 101110 1000110
1101 0111 1100 01100 11101 00101 100010 100011 1101011
00 011 100 0101 011100
01 010 101 000 0101 0100 001110 0000000 1000011
0 00 0001 0110 110101 1100110 0111110
1 0 001 101 000 1110 1111 01010 0000010
1 0 01 111 011 0110 1111 000110 1101011
0 00 0010 0101 01010 00000 111011 000111 0111110
1 0 11 1010 01101
1 10 01 101 111 0100 110000 0101100 0000110
0 010 1000 01100 10010 110100 111100 0001001 0001010 0011101
1 01 1110 01001 0100010 0110100 1101111
1 11 001 0000 11000 011000 010011 0011101
0 10 00 001 101 1100 001110 011010 1010011
1 01 000 0000 01101
0 11 0011 1011 1100 00000 1001111 1111111
0 1000 00101 100111 001010 010011 1001011 1110100 1001101 1001111
1 10 1001 1111 100011 1110010 0011001 0110111
1 11 101 011 11010
1 0 10 110 1001 1111 01010 001010 0100000 1000010
0 000 0100101 1101111
1 0 111111 1110010 0101111
0 10 001 10011 111100 000000
01 111 011 0010 00110 01111 0010001 0110101
0 01 000 1110 0010 10011
1 0 00 1001 1101 1010 11110 001110 1110111 0111100
011 000 0110 0011011
11 00 111 100 0100 0011 10101 000100
01 010 101 100 0100 0110 1100 11010 011011 0111011
00 1000 00000 110101
10 01 100 1111 11001 00011 11101 00101 011010 1101110
0 110 100 1111 01101 1101110
1 0 010 1000 1101 1100 11100 011110 0010111
1 0 11 100 1010 01100
1 10 101 1010 00100 011010 1001101
1 11 0001 1011 110010 001000 0010010
1 11 110 11111 01110 101001 101110 1101100 0111001
0 11 10 110 0101 100001 111001
0 00 111 00110 100000 010010 110001 110110 100100
1 0 11 01 010 111 10100
10 010000 101100 100110 101010
10 100 1110 0110 010010 001010
1 10 010 111 011
01 001 0010 01100 00110 001001 100101 101010 1100001
1 11 10 101 100 00110 001111
0 00 001 111 11111 110101 0000110
10 1110 1010 00001 1111010 0110111
0 11 01 1000 0001 1111 11000 100001 111011 1110100
1 11 001 1000 0010 10001 10100 010001 0110001 1100101
10 100 1110 101110 0010100
11 01 10000 01010 10110 00011 01000 1110010 1111111
0 0010 11111 010001 111000 101110 0001001 1001101 1001011
1 1110 0111 0011 00001 010001 010000
1 0 11100 0101000
0 00 01 0001 11101 1011101
1 00 0110 1111 10110 00001 111000 1111011
0 10 11 110 10110 00010 000110
1 0 11 111 000 10010 11101 1010110 1000100
1 11 01 111 0010 0110 10000 11111 001000
1 10 100 01100 01101 101000
1 0 001 100 0100 101101 101001 0011010 0010101
1 10 001 000 1110 0111 0110 0001011 0000110
1 0 101 000 0010 1010 1111 01000 10011 1001101
1 00 101 011 000 100 10100 001001 1010100
1 0 001 101 100 1101 1111001 0100010
1 0 01 111 1010 0100100 1010100
1 101 1110 1101 101000 0001000
1 0 010 101 11110 00001 101011 0001010 0100010
0 001 101 011 000 0001 10000 01111 111010 0111000
111 1000 10100 11101 111011 100111 1111111
1 10 11 100 000111 1000111 0111000
10 1001 00001 011010
0 10 001 00001
01 101 000 100 0000 1100 100110
0 11 111 0011 0101 010100 000001 101111
0 11 0001 000111 0110110
1 0 10 011 100 010110 110001 1011000 0101000 0111001
11 00 010 001 110 1011 10001 010101 1011100
0 101 0011 01010 11100 010101 011000 000000 010111
10 01 010 111 0011 100010 010111
1 00 010 001 00000 011011 111011 0101100 0110111 0101110
0 010 111 011 1000 0001 10010 1001110 0110101
0 11 011 0110 00001 11011 10011 010000 0111111 1011111
10 010 01010 11111 0100000 0000010 0010010
1 0 10 11 11000 00101 011011 0101001 1101110
1 0 00 0101 11001 10000 111010 001101 0011011 1010001
1 11 110 111 1100 11110 11011 000001
00 01 110 101 10110 01111 101111 110011
1 10 01 010 001 001100 1011000
11 001 100 1111 11110 110001 101111
0 11 001 11101 001000 000110 101110 1111111
1 0110 1011 01010 00011 010001 0100011
1 10 01 111110 111100 111011 0100010
0 10 100 000 1001 10001 111011
1 01 111 10101 00010 0000100 0010101
11 000 0001 1010 101011
0 111 0111 000011 1101000
0 10 011 1100 01101 010110 0010111
0 00 01 111 1101 0110101 1000011 1010001
0 011 0011 01010 011101
0 11 01 0110 010110 000001 010111 1111001 0011000
0 111 10010 1111001
1 01 101 0010 1111 01010 01011 011011 1101100 0000110
1 0 10 01001
11 01 010 10101 100101 1100100 1110101
1 0 10 01 1000 01011 11011 001100 0000111
0 10 11 0010 0000 000101 0001000 1001000 1010100
1 11 010 0011 1111 10111 011100 0111110
11 00 01 0001 1011 110011 0100101 0011110
1 11 01 010 110 000 0000 010100
1 0 0001 00111 11111 1001110
1 0 11 10 001 111 0100 0000
10 111 10101 10111 0111010
11 010 1010 01000 110010 0101111 1010000
1 0 01111
01 1110 0111 000001 010111 1011000 1001011
0 00 001 011 100 1010 0000 01101
1 11 0011111
0 10 01 01101 11000 00001 110001 0101001 0010010
1 10 00 1001 011001 011111 0011001
11 00 001 100 1011 01011
1 00 110 1001 10010 100100 1001111
1 101 0100 0000 01111
1 10 11 100 000 1011 01001 11110 0101011
0 10 00 101 000010 1111100 1010100 1011100 1100101
01 1000 1110 0001 101101 1110111
0 001 0100 0010
0 00 1001 1101 00111 00000 11000 100101 0000011
1 0 111 1111 11001 11000 011110 1011000 1000000
1 11 0101
1 00 01 1101 00110 1000100
0 101 0001 00010 111111 1111111 1011011
10 00 01 101 100100
10 00 110 0010 1100 00000 00101 000011
0 111 1101 0101 001100 0110100 1110001
1 0 11 10 00 000 01100 10111 100011 0100111
1 0 01 010 100 1000 0100 0100010 0100101
1 10 11 000 0001 1100 11011 111000
1 0 1111 1100 01100 011000 111111 1110101
0 01101 01110 011101 0011100 1011001 0011110
1 01 100 000 1000 10001 00000 1000011 0010111
0 010 111 01001 01110 0111100
0 01 1110 1010 00110 110001 1100100
1 01 110 101 011 0101 1101 011001 001001
0 01 01100 000110 001001 0010111
1 011 00101 1101111
1 0 01 010 001 0010 1111 010000 0111100 0110110
0 11 011 0111000
1 001 100 1010 0101 111100 001111 0110001 1101100 1000010
0 01 110 0011 00010 010010 010111 0101010
0 10 111 0010 11010 10111 111110 010111 1111000 1100001
10 01 100 1000 1011 10001 111101 1010111
1 10 00 000 1111 11011 100011 011110 0010001 1110010
0 0000 10111 11111 10011 011000 111100 0001100 0010101 1111111
1 001 011 000 1010 111001 000101
1 101 111 0111 1010 10111 1000110
0 10 110100 111001 000010 011010
1 10 00 01 0001 10011 010010 1111001 0011111
0 000 10111 11011 0101100 1010011
0 010 110 101 100110 000111 100100
1 00 110 101 1011 111100 010000 0011011
0 00 100
0 10011 000000 0000010
1 10 11 00 111 000 0001 1010 111001 001101
1 0 1000 1101 11110 110010 1011011
0 101 0010 0000 00111 00001 000010 0001110 1001100 0010010
1 11 111 0111 00110 01110 0001110
1 0 10 0011 110101
0 10 010 01001 10011 101111 0010101 1000100
1 11 00 111 1001 1101 11101 0110110 1001100
1 10 001 011 1010 11101 000011 1111000 0100100 0000011
11 010 0011 11010 10100 11000 10011 110110 0011101
1 0 10 01 1000
0 00 01 010 101101 1010101
1 11 11111 010110 100110 1101000
0 11 010 110 0011 01100 0001100
1 0 00 101 011 011001 0001100 1001111
0 10 11 101 1000 10000 00100 0010001
1 0 11 01 110 100 01101 01001 1010000
1 10 00 110 111 01000 011101
1 0 01 010 110 0100 0011 0110 11100 000100
0 11 100 1011 010101 100110 101111
00 011 0000 001110 101011 111011 010011 0001011
0 11 01 10010 110101 101110 1110101
00 10000 00111 10111 110001 110110 001101 010011 0011101
1 10 01
10 01 010 1111 010101 110100 111110 000010 0011010
10 01 00 110 101 100 00101 010110 0100001 0111001
000 000000 0000111 0101011
0 010 100 0110 11111 1110010 0011001 1101001 0000010
1 11 101 011 1001 1100 1001101 0000001
00 000 1000 1110 0010 00111 00010 000110 000111 000101
10 110 101 1100 01011 011110 0110011
0 00 011 0011 11001 10001 00110 101100 001101
1 00 101 1001 1011 11010 00011 11111 01000 111001
1 10 010 0111111
01 010 0100 00111 010110 001001 100101
01 101 111 0010 0111 01110
0 11 010 001 0001001 0110101 0000111
01 000 01000 00100 11101 10011 0001110
1 0 11 00 01 010 00000
00 01 000 1000 0110 10111 000110 000001 1110000
0 11 001001 101110 1101110 1111111
1 0 0100 01110 000110 0100010 0000110
1 0 010 001 011 000 01001 100011 1001001 0001110
10 0100 10101 01101 100001 1010100 1111110 1110001 1010111
11 01 0111
1 000 00011 11000 00101 001011 010011
1 00 01 11110
1 00 010 011 0100 11101 10011 0011101 1011101
0 11 1101 11001 11011
10 100 1001 1011 11101 11100 000110 1000000
00 0011 0000 00111 00100
0 10 011 1101 1010 0011 00010 1111100 1010100
01 00 000 0000 11010 11100 1101011
0 0010 1101 0111 0101 111001 1001110
0 11 10 00000 101110
0 00 110 111 000 1110 00000 110011 000011
0 00 1000 0100 01011 110010 1111000 1100111
10 000 0000 11100 0111000